---------- Lista ordenada do arquivo: NumerosRandoms0 || Tipo de Sort: Java Sort  -----------
-------- Tempo de duração da ordenação : 27 milisegundos --------
-------- Memoria usada aproximada: 181624 bytes -------------

240
416
479
405
425
279
315
293
56
240
18
47
419
19
459
133
265
125
478
442
79
368
353
32
411
167
223
207
77
108
226
173
311
123
267
263
229
275
445
170
118
26
16
399
464
151
191
187
421
192
340
303
195
169
158
311
78
368
303
82
48
141
90
109
50
253
167
329
366
66
67
162
176
427
114
31
207
49
83
191
52
292
326
60
88
10
345
305
472
92
413
236
181
269
344
155
39
221
478
20
408
498
170
425
328
28
198
29
290
131
298
263
401
205
145
459
178
402
426
263
69
45
430
385
366
63
473
339
16
414
469
187
444
139
365
188
188
109
413
433
179
394
225
478
492
337
417
30
35
465
230
83
325
48
478
442
0
253
275
350
150
230
256
145
361
237
252
97
365
446
470
343
162
161
368
452
232
474
439
202
234
498
433
459
65
76
319
26
131
402
381
339
362
300
298
379
374
457
480
442
398
129
6
420
328
187
110
348
147
13
92
297
482
461
321
198
395
342
364
471
373
500
406
160
97
37
176
151
463
116
206
398
318
455
141
385
66
43
236
148
94
348
406
106
269
483
286
140
51
28
398
385
436
109
243
203
443
393
34
296
109
490
218
355
178
53
40
436
283
314
65
343
170
21
253
136
85
497
63
2
269
108
425
409
410
210
484
464
183
155
10
437
408
341
454
40
188
364
457
146
396
338
383
390
88
247
438
120
350
426
132
250
350
17
24
334
401
334
452
198
169
241
336
123
475
273
469
249
351
352
39
35
42
290
201
111
196
431
472
4
442
6
178
476
263
161
298
133
189
125
145
303
417
252
455
394
255
52
256
313
182
60
334
152
77
260
308
71
292
349
414
184
196
137
178
266
398
73
319
117
244
488
287
27
239
276
12
500
359
21
298
221
169
152
81
280
273
212
189
421
16
328
453
450
477
383
69
82
124
114
428
240
497
355
268
419
131
232
398
333
285
465
460
475
92
299
435
425
44
412
193
226
334
46
294
188
236
238
279
381
291
323
292
294
210
347
193
101
431
417
172
468
209
321
113
62
68
50
244
197
164
5
340
221
330
364
24
318
148
312
77
233
229
90
317
9
138
273
365
296
459
139
245
463
386
352
93
216
218
52
12
449
226
310
130
111
320
255
288
458
472
260
81
215
448
211
43
262
14
244
62
159
474
262
479
234
112
131
399
248
31
242
390
317
344
494
489
498
315
46
452
61
230
392
279
272
382
500
412
464
61
466
308
93
328
367
51
453
311
299
479
186
374
406
372
259
383
488
185
119
32
246
318
75
400
296
495
362
289
305
21
60
130
291
136
431
211
322
454
264
419
327
489
241
462
450
7
256
369
270
190
227
252
397
321
303
139
95
103
311
188
342
254
204
297
263
117
301
60
184
8
281
181
64
425
69
179
283
342
279
497
402
228
249
480
326
304
13
17
261
449
229
496
403
360
23
382
177
162
374
341
325
71
411
438
80
178
363
407
427
349
122
12
153
252
115
457
377
235
21
75
283
11
353
433
125
215
340
188
73
284
291
245
317
188
423
109
474
248
238
179
476
99
29
469
164
137
370
476
53
20
304
350
412
499
212
344
447
494
215
354
55
424
474
471
92
207
383
434
44
382
463
90
282
417
209
119
182
44
417
294
152
295
263
489
262
236
234
340
53
286
456
472
17
451
124
212
101
128
68
104
135
340
209
293
498
26
356
384
324
5
333
325
39
245
72
334
461
453
411
325
32
374
192
83
193
24
341
214
215
354
250
455
98
364
166
239
90
215
53
275
182
408
50
478
171
442
417
95
441
344
143
96
40
437
165
392
383
352
187
286
183
229
192
37
209
29
163
276
469
413
237
82
451
458
106
499
31
477
69
487
251
86
170
347
170
463
335
373
228
286
129
122
39
441
31
463
155
24
170
479
331
108
239
299
145
330
29
452
38
318
329
210
20
338
170
459
306
276
203
378
166
365
161
115
64
217
144
433
11
306
33
316
356
168
410
301
68
245
259
213
103
242
320
396
468
185
425
494
182
324
466
349
208
421
294
423
481
173
343
13
285
494
363
65
148
466
76
21
173
491
479
343
458
222
433
393
8
98
447
175
237
292
105
296
128
103
265
72
421
400
96
324
167
309
402
357
495
421
56
123
365
412
230
494
352
165
308
272
200
346
376
99
91
253
319
136
466
280
346
309
390
231
86
274
397
309
261
390
403
126
296
155
484
311
431
434
3
90
3
415
37
120
100
446
118
386
168
273
206
57
349
453
255
257
10
409
308
402
451
316
433
357
279
238
227
57
176
343
463
148
221
321
296
154
439
382
382
221
22
321
29
178
499
50
221
245
485
334
238
381
231
320
308
172
79
204
222
368
200
1
183
337
171
265
263
61
242
486
142
475
5
297
464
324
268
241
354
329
194
17
119
295
500
310
338
160
178
27
89
87
117
214
296
75
278
154
264
381
314
128
26
134
456
215
374
2
61
433
49
341
147
351
196
33
301
107
356
269
411
454
96
328
72
429
63
208
266
242
301
121
294
106
226
412
401
161
111
129
103
192
78
426
162
157
416
261
73
467
472
20
206
437
348
123
422
37
54
115
88
43
19
4
310
222
365
171
344
475
476
161
189
469
342
18
222
207
181
102
32
347
331
325
201
254
309
474
307
155
235
3
237
101
255
211
374
147
409
227
473
214
99
185
149
478
177
396
315
369
306
128
309
37
210
428
115
439
84
129
310
69
269
307
367
468
425
53
275
203
0
399
240
469
406
326
159
464
360
313
108
61
51
105
194
247
354
442
277
389
321
20
188
163
289
38
364
264
19
445
482
191
313
149
389
419
235
79
15
122
450
205
415
110
144
342
163
333
400
291
178
293
342
423
223
290
69
467
410
225
142
496
301
150
72
494
273
24
24
243
254
370
61
26
202
373
108
468
246
468
33
451
144
235
418
271
405
313
180
253
41
71
190
193
260
121
146
230
182
468
175
499
250
48
210
340
394
11
70
366
429
212
255
387
24
366
243
463
209
145
308
173
425
359
53
452
31
384
262
477
210
198
219
361
409
465
362
311
245
316
412
46
401
274
373
257
65
249
328
52
480
192
321
56
384
396
241
462
62
199
289
495
337
234
422
15
302
379
47
493
217
150
349
365
76
151
81
86
237
28
114
202
393
46
209
286
159
159
491
219
252
228
428
311
351
349
441
273
450
327
172
484
465
454
149
246
486
494
298
217
242
266
184
494
280
75
300
284
378
264
310
56
80
4
184
177
461
243
412
175
270
356
168
108
299
135
10
215
152
89
59
432
287
347
4
23
22
254
95
55
323
194
24
359
301
67
19
25
483
72
337
201
403
139
288
244
271
491
65
436
371
301
453
139
241
88
256
95
318
416
126
202
350
73
498
71
296
398
286
24
261
8
162
149
498
257
300
437
487
41
325
72
469
133
333
237
295
354
433
206
28
498
185
23
116
195
333
338
43
499
322
161
129
393
156
327
334
306
302
136
284
362
468
400
458
37
332
270
44
177
280
371
125
420
320
60
500
113
25
460
224
64
338
390
95
141
471
210
192
206
402
208
379
118
86
500
408
287
167
281
62
120
2
484
211
229
447
248
278
469
103
496
423
266
483
48
368
295
257
141
278
362
94
354
407
336
274
161
486
128
215
174
129
372
332
46
438
151
16
486
9
151
427
143
246
122
182
390
60
32
204
255
393
474
181
303
413
87
182
172
222
6
170
54
219
136
318
148
441
123
498
338
458
403
274
306
35
17
390
348
486
332
398
160
214
227
407
114
223
224
143
50
148
283
172
98
375
188
274
88
204
491
186
410
179
313
306
176
480
276
411
408
415
110
357
152
232
379
428
53
304
479
18
132
460
326
69
69
377
21
439
227
441
450
345
59
172
489
74
227
318
391
338
230
153
3
356
153
371
228
195
69
458
130
146
391
18
31
371
461
261
418
258
259
384
136
134
83
176
319
417
11
475
310
80
122
67
386
458
402
250
233
430
310
28
302
473
349
401
279
319
471
391
44
431
449
374
219
416
223
297
476
383
345
256
388
263
30
204
247
88
454
334
489
53
296
475
25
289
463
34
43
448
368
404
305
291
278
76
148
69
381
40
232
51
40
232
366
454
108
352
342
32
342
45
129
163
82
377
260
422
361
102
160
484
470
423
175
210
321
256
396
173
176
131
11
386
315
434
63
31
298
442
195
498
104
207
79
481
350
380
118
32
296
316
299
463
461
152
281
108
267
203
100
486
189
42
286
479
209
246
303
347
14
143
356
362
191
220
497
83
248
51
52
87
461
205
308
232
354
283
498
203
205
173
451
10
323
27
410
72
171
115
56
63
90
286
283
462
270
341
18
152
133
401
48
451
17
262
285
382
51
474
251
378
5
266
244
365
90
355
316
228
197
165
103
267
290
13
457
322
131
405
255
201
330
356
459
178
470
100
491
346
27
147
385
311
256
53
424
495
246
82
431
21
119
178
133
2
121
218
137
196
1
155
60
323
53
351
397
392
22
244
273
399
103
167
195
191
269
142
28
175
122
1
169
137
171
212
115
106
467
223
363
18
221
316
274
478
69
173
5
374
285
142
75
84
388
22
39
209
157
7
377
393
71
383
407
496
475
72
98
188
216
280
55
445
293
210
305
479
281
389
258
238
439
91
170
57
2
156
111
391
469
226
161
206
84
397
271
8
70
452
77
167
280
258
140
16
357
410
126
304
314
23
190
78
24
147
25
322
16
320
50
192
406
500
314
288
242
328
422
132
91
125
475
465
312
167
278
461
209
409
382
94
278
99
358
447
429
144
390
185
393
58
218
196
346
95
226
436
422
207
167
53
234
359
485
239
74
165
103
87
310
82
428
249
493
406
263
30
231
500
469
290
408
468
34
72
181
44
2
485
15
7
292
411
396
364
267
291
279
343
329
56
61
200
434
180
180
391
251
193
26
363
100
411
327
94
16
137
245
24
120
233
168
240
209
400
331
196
495
489
291
254
336
294
66
175
220
422
112
3
92
199
101
289
41
330
43
92
93
417
13
500
303
485
70
126
125
438
483
207
31
400
320
252
418
217
172
402
396
409
458
201
78
43
309
266
464
200
239
297
397
71
438
290
74
368
450
169
232
422
98
207
163
161
0
294
486
152
234
313
190
350
106
388
47
238
81
21
86
5
252
20
319
323
266
155
316
28
423
30
426
323
498
170
261
53
409
68
166
282
425
36
133
31
166
11
386
195
120
418
256
2
467
294
46
489
262
295
443
328
289
330
333
124
142
130
477
350
14
72
394
65
257
279
170
452
221
345
246
34
486
139
151
263
149
80
120
273
177
384
124
192
148
500
42
79
351
158
342
73
303
273
120
419
395
20
347
386
231
427
498
46
365
476
232
188
334
143
446
405
329
249
354
455
246
46
465
90
60
6
457
315
57
486
278
363
199
480
475
51
468
459
338
35
456
112
273
392
380
212
362
42
474
109
61
324
402
135
377
369
246
324
291
199
367
294
353
196
37
380
315
441
322
323
464
319
340
310
374
282
318
480
145
34
277
179
116
138
107
62
322
250
368
67
77
142
233
473
229
127
338
456
40
482
155
68
94
397
438
319
364
45
165
170
67
169
51
91
59
232
279
53
463
30
256
465
91
278
206
446
119
181
424
51
441
164
276
298
320
226
182
182
140
41
240
476
391
312
365
221
257
323
384
235
300
449
490
426
497
431
79
482
277
75
63
193
393
210
205
479
76
208
292
25
394
361
194
250
181
251
184
265
54
261
473
128
69
194
480
10
339
233
376
192
64
114
325
245
360
458
75
438
396
240
304
238
308
321
68
378
282
201
96
16
309
328
370
95
270
81
60
89
94
63
411
259
6
40
114
291
385
65
305
270
350
266
393
143
367
344
46
107
388
21
93
140
207
124
488
59
376
459
251
54
401
113
126
470
500
414
312
111
113
152
166
156
452
132
216
307
382
26
242
86
4
318
183
379
447
244
51
175
408
307
52
8
312
38
252
216
487
467
76
380
58
13
117
153
36
416
334
322
143
97
428
364
11
30
300
273
445
71
192
6
214
348
404
456
470
464
241
320
258
460
217
217
397
295
51
77
361
103
104
11
44
92
316
62
128
135
310
302
178
97
253
177
92
39
437
488
92
352
298
328
30
14
15
169
13
224
36
152
150
203
189
334
51
356
245
303
205
360
39
297
41
363
142
268
126
126
364
498
103
230
413
346
341
467
361
104
82
36
229
244
133
222
261
456
188
312
197
33
455
233
445
266
336
398
178
186
114
41
437
351
81
467
478
377
498
181
343
498
126
241
283
88
269
86
80
297
324
313
466
357
470
414
4
257
28
68
4
286
467
392
295
366
368
256
444
454
368
405
125
384
110
308
175
139
470
414
289
467
252
463
402
21
452
105
6
367
399
424
208
211
191
44
88
472
448
314
39
492
423
35
313
228
50
440
291
127
247
223
306
443
76
53
304
162
478
498
122
284
178
413
279
222
90
7
57
189
293
77
262
451
393
244
80
163
130
300
396
12
385
14
421
134
116
230
146
187
472
298
50
499
116
129
278
273
306
209
343
315
454
374
225
486
192
213
42
206
67
286
406
389
5
291
38
192
133
500
210
431
462
262
201
283
272
183
325
65
84
60
239
136
114
286
492
404
201
499
409
284
20
30
30
24
423
409
89
188
72
223
267
468
298
351
22
90
455
328
322
74
355
388
492
353
146
319
263
305
40
261
355
24
213
440
178
371
143
415
333
313
386
453
446
144
163
137
306
234
442
222
223
343
326
430
475
320
364
192
81
356
241
345
174
104
400
208
288
199
392
451
358
176
93
270
411
305
260
304
119
198
76
458
286
208
106
446
180
216
314
470
382
467
377
279
432
88
483
141
164
197
323
117
440
124
215
438
185
268
346
405
275
24
349
452
411
99
348
127
109
285
234
311
271
328
342
54
367
362
267
164
190
198
445
457
386
193
165
63
321
163
148
249
393
336
426
386
420
450
454
142
195
244
300
305
194
383
380
381
290
17
105
180
93
145
21
349
448
273
5
103
201
90
129
266
500
116
131
483
432
233
3
462
151
292
295
171
82
142
473
461
276
101
414
344
345
147
195
34
487
199
194
339
179
367
431
485
480
447
103
319
183
98
274
338
333
17
334
300
350
453
215
213
301
83
364
422
317
282
300
75
218
55
182
457
373
75
362
270
43
239
452
25
199
108
474
38
40
160
489
165
404
66
95
284
196
146
408
103
90
24
424
425
449
122
224
368
264
248
329
428
92
386
42
477
413
133
316
7
79
10
466
55
7
221
247
275
44
234
251
375
64
371
407
435
143
77
89
116
481
298
332
28
302
194
325
376
355
11
307
281
245
186
202
461
126
238
72
230
153
150
147
340
403
123
80
468
479
49
447
29
141
371
391
392
372
481
263
351
84
192
140
61
102
277
266
253
397
374
128
87
456
420
153
117
299
111
443
456
482
456
414
443
84
438
277
260
498
434
295
439
418
375
286
54
151
368
403
264
338
202
376
171
236
209
209
167
378
66
97
70
154
447
295
188
214
299
183
145
5
407
443
47
389
353
170
229
58
204
401
431
411
11
162
126
45
231
391
231
344
447
80
76
207
347
195
407
202
335
459
376
215
468
399
95
274
377
352
319
273
446
347
336
339
467
362
391
202
262
33
157
52
393
15
36
479
489
351
367
53
178
265
284
448
378
295
133
92
221
500
263
453
341
215
49
24
271
225
359
443
94
23
100
341
410
101
234
492
277
103
346
302
114
304
396
21
334
194
104
436
36
107
123
279
239
323
124
459
389
127
368
182
100
163
391
247
180
192
421
466
151
297
22
296
404
482
193
414
389
247
120
492
354
51
200
322
18
389
398
270
223
37
318
209
35
262
475
270
68
246
29
435
284
333
210
120
360
357
425
126
124
101
347
163
426
100
139
321
78
216
180
454
378
396
406
169
146
280
327
3
30
47
480
323
403
187
327
364
314
319
14
480
19
446
443
402
461
33
191
481
295
439
272
289
364
449
495
275
26
166
390
291
241
368
186
398
384
277
188
25
362
282
189
124
71
68
91
107
415
203
269
444
258
426
125
440
404
495
55
76
59
314
496
309
66
372
156
411
438
56
321
493
233
332
8
207
329
318
299
491
458
460
124
60
222
246
22
190
406
334
302
145
339
152
103
370
305
176
316
127
339
258
340
448
437
193
120
31
219
45
109
285
481
277
69
35
94
278
477
169
68
133
104
121
166
131
221
414
7
471
142
36
236
294
80
62
298
366
145
99
16
217
273
393
43
229
337
394
400
148
109
192
378
256
349
170
283
336
146
494
312
253
282
202
247
348
71
385
18
311
34
157
120
5
347
377
92
172
225
347
262
297
242
86
237
484
111
13
188
256
434
430
341
360
247
53
422
372
483
257
365
355
68
119
194
326
29
410
379
27
122
433
367
377
246
385
30
225
251
406
191
172
389
199
406
156
330
295
184
489
434
193
122
125
88
12
382
47
389
51
403
23
88
87
212
33
86
239
249
349
302
437
287
180
299
10
248
1
337
284
442
108
13
271
215
178
345
14
418
185
83
247
41
35
307
241
295
19
115
495
97
264
305
260
264
140
197
130
313
345
313
494
407
406
434
228
310
442
83
52
1
293
498
142
233
371
308
68
390
438
327
201
413
370
461
388
419
206
373
343
130
139
76
479
65
19
131
345
90
331
20
210
98
255
351
356
313
437
380
48
236
64
370
263
46
266
424
454
202
45
144
455
390
378
225
161
139
124
228
16
20
446
44
215
17
369
226
109
160
327
208
410
289
61
229
93
78
304
191
269
9
398
371
183
445
422
491
367
425
460
479
352
276
159
21
247
150
281
58
284
26
27
204
377
193
254
220
345
212
184
408
322
401
318
276
60
232
225
280
167
392
251
60
242
173
330
136
290
231
441
72
333
385
77
62
68
275
317
363
413
284
122
466
352
187
29
459
240
96
96
334
5
390
324
356
189
253
138
65
72
15
232
411
140
233
332
21
450
13
254
78
42
450
39
48
131
228
170
469
325
98
104
67
363
121
109
312
331
363
266
153
326
237
295
211
208
416
176
101
168
30
298
272
417
206
401
478
271
74
421
361
83
397
266
26
442
237
100
52
8
406
0
200
96
214
64
123
325
401
335
25
453
66
366
493
109
367
474
492
263
90
42
43
447
408
141
21
163
432
427
84
287
86
148
21
381
257
7
279
40
75
156
139
403
495
159
214
55
393
53
327
319
148
271
322
389
60
449
393
432
405
173
472
231
52
139
87
339
217
29
470
363
229
479
252
75
262
337
192
342
368
109
473
402
327
130
266
88
277
92
191
436
346
298
370
404
316
429
431
49
59
402
484
289
72
216
239
238
428
77
209
16
116
345
3
86
159
344
57
483
316
464
484
243
279
4
50
390
291
350
157
378
383
42
438
30
461
28
30
137
107
206
137
250
242
249
64
91
154
200
342
337
128
396
343
431
149
273
255
249
118
254
219
341
163
96
7
89
367
462
175
197
248
489
389
6
249
497
440
152
362
207
343
463
27
387
191
493
70
70
38
34
379
363
34
121
206
127
154
30
66
435
491
250
97
205
430
289
359
381
29
312
191
243
257
214
135
0
100
303
24
457
212
470
69
410
364
329
116
341
494
99
113
437
16
433
457
424
183
419
445
80
135
313
313
261
112
115
411
276
179
323
232
152
26
190
217
220
302
387
391
175
413
18
210
313
386
337
407
18
7
148
118
461
193
393
277
180
442
270
182
292
415
412
258
203
439
157
269
98
10
162
350
427
83
161
423
16
184
379
87
398
296
25
176
227
51
174
485
376
154
159
36
16
374
355
220
418
106
132
119
168
313
21
440
246
479
148
271
208
237
152
393
280
160
365
256
61
173
481
110
363
219
465
429
57
92
478
35
97
265
55
390
244
306
332
325
155
16
31
158
315
151
471
269
345
247
476
37
173
143
241
414
295
326
290
181
186
47
5
21
317
34
492
139
411
318
386
134
446
476
207
451
175
277
433
165
468
363
229
194
43
130
309
458
173
77
132
178
277
133
259
250
258
376
21
40
147
95
305
249
112
285
393
340
172
422
154
68
374
500
383
134
93
376
379
468
128
396
44
459
256
413
323
287
307
487
385
240
148
408
338
496
379
83
312
424
178
221
42
222
295
413
18
215
303
116
313
150
401
262
250
26
220
390
67
159
226
338
356
455
182
350
171
356
33
139
230
298
229
304
474
148
105
361
204
284
250
96
310
105
148
128
229
24
84
69
394
496
108
382
388
236
172
25
85
366
129
303
163
326
49
74
500
380
194
131
292
174
92
208
8
191
455
173
262
377
360
272
81
97
378
191
175
485
47
485
400
4
441
92
466
214
269
39
481
488
297
232
189
20
466
227
411
10
153
483
157
340
247
499
336
462
310
247
63
346
301
270
298
30
339
15
90
12
4
282
249
47
354
382
500
303
119
216
237
108
124
322
481
222
95
34
478
491
416
123
331
407
355
202
375
320
379
296
196
405
399
206
427
433
285
405
147
427
402
232
360
245
133
97
189
19
411
372
68
374
260
151
53
1
103
40
347
141
331
113
457
172
485
180
42
34
326
407
135
61
264
213
421
180
162
117
36
8
28
358
142
447
443
409
409
295
19
138
0
427
181
197
218
465
293
459
46
40
7
155
262
258
139
175
293
245
270
98
109
204
279
420
428
171
273
470
477
14
447
458
286
480
296
211
88
478
41
250
121
428
194
451
478
305
47
345
178
447
184
186
407
313
88
7
153
394
315
218
293
195
197
91
384
459
80
7
384
197
257
62
146
490
56
190
478
142
94
339
335
105
468
465
40
279
347
369
324
208
414
434
136
294
344
388
443
260
43
142
17
57
52
194
455
306
293
222
387
6
205
12
209
20
107
273
234
79
168
299
115
56
76
192
284
373
302
73
295
179
355
260
496
134
316
251
495
51
79
358
208
102
485
145
396
441
223
464
440
132
454
193
467
254
335
16
55
107
132
500
312
0
317
277
75
289
250
73
288
212
5
169
136
303
62
286
30
254
178
225
236
418
98
370
39
457
461
113
27
122
346
382
249
100
308
397
50
81
156
407
285
385
469
214
87
359
93
147
35
54
301
381
385
243
449
410
152
49
171
110
63
178
207
146
251
464
418
418
484
126
279
11
15
3
357
293
114
100
458
203
250
152
45
481
392
464
458
26
288
264
180
119
14
138
51
29
332
481
40
179
255
246
124
273
403
139
124
120
299
223
378
326
171
431
467
343
459
75
89
461
369
164
496
288
455
84
55
47
500
155
397
234
78
276
118
460
106
468
193
44
22
241
1
97
145
179
164
431
227
51
396
139
79
178
308
224
131
439
70
207
136
337
302
435
125
444
257
263
27
99
259
167
206
60
368
457
67
268
280
413
399
21
86
139
460
176
364
353
184
226
371
318
2
126
60
268
295
156
33
250
104
270
144
26
437
477
126
485
346
48
227
308
388
454
308
368
310
148
204
176
47
115
241
327
251
45
398
327
402
336
161
53
8
179
61
168
56
271
369
36
385
87
459
45
109
182
142
98
342
165
379
223
418
89
221
249
58
368
17
276
240
438
329
2
160
455
429
18
401
3
468
25
33
386
460
397
288
433
304
434
428
402
14
119
127
390
170
359
289
245
411
470
26
500
192
8
343
453
363
441
488
134
262
22
333
415
308
57
438
448
345
145
51
14
111
123
92
98
277
223
256
217
71
75
58
132
207
332
173
14
446
293
104
90
288
294
480
413
429
71
314
348
5
195
392
259
216
285
183
485
109
258
10
288
222
80
415
51
179
414
434
250
422
183
358
439
326
129
79
242
194
447
60
120
362
371
345
23
43
315
357
2
363
132
4
378
405
282
149
263
149
77
460
36
195
5
104
223
487
108
378
232
189
355
338
325
122
87
419
44
238
55
39
50
159
420
496
306
374
467
304
340
495
262
441
323
225
134
369
174
402
190
266
100
100
500
136
403
441
333
102
86
353
186
248
362
50
382
357
218
81
284
137
322
130
159
493
124
500
411
368
335
159
433
11
379
497
89
312
254
391
39
57
291
410
37
404
422
42
477
118
259
217
310
423
451
405
116
416
68
135
61
33
295
110
91
307
393
490
228
64
136
226
301
321
195
247
358
481
35
94
484
397
410
103
329
220
58
127
448
455
160
56
123
387
359
199
77
475
233
307
147
149
83
26
45
318
256
174
474
35
400
410
392
89
373
130
21
207
12
256
18
262
70
78
64
171
49
369
11
32
323
469
363
14
149
139
65
381
220
374
126
305
309
403
395
187
93
296
154
263
81
223
224
108
139
30
185
328
73
8
215
178
201
131
437
185
175
14
481
108
24
420
216
500
402
499
368
89
87
300
150
330
340
457
238
275
443
63
174
485
99
494
464
356
137
34
152
55
137
325
59
425
298
17
219
124
271
338
242
304
143
239
181
272
7
237
176
475
26
223
470
280
269
237
472
229
247
398
266
449
243
227
4
17
133
340
1
484
120
323
330
409
348
83
119
53
96
34
37
448
494
236
27
450
236
352
409
34
160
117
230
325
381
159
44
240
234
123
343
242
35
318
314
385
473
25
26
379
445
180
247
72
471
297
129
29
228
331
74
55
204
432
459
242
69
56
285
354
44
100
302
405
32
185
442
197
438
132
253
145
81
249
50
151
207
39
361
13
123
321
441
227
146
429
303
6
251
306
349
252
25
155
331
362
258
234
373
37
149
320
319
400
256
291
496
479
298
315
368
428
21
168
46
388
424
463
345
282
79
405
18
41
412
111
225
342
194
0
230
20
138
402
392
334
261
271
453
319
273
380
297
347
130
321
270
371
211
167
387
149
305
103
188
322
130
474
62
193
495
191
296
51
96
488
332
243
430
107
63
181
334
360
256
310
100
490
232
36
219
440
265
154
177
475
280
329
165
306
236
49
118
199
464
438
447
157
44
101
422
170
172
231
437
413
457
188
460
415
276
362
65
213
360
267
161
257
276
314
359
310
469
95
71
299
8
132
80
274
181
60
467
368
181
22
287
420
136
209
476
147
130
492
144
453
170
345
183
105
412
259
410
28
435
487
202
155
403
458
100
69
379
39
346
214
440
101
164
96
138
446
362
441
117
319
52
210
90
16
214
101
15
301
43
279
347
304
332
17
480
260
270
327
86
285
113
213
247
432
189
144
63
417
438
405
43
62
44
156
258
307
328
445
252
32
135
194
409
216
476
467
76
0
425
137
488
498
66
486
165
466
374
85
291
186
368
2
412
374
258
408
353
180
153
152
243
8
266
487
485
435
383
95
62
55
119
488
185
425
397
462
208
238
403
370
334
326
350
326
278
374
223
65
443
355
285
415
396
357
229
312
386
73
406
268
368
197
487
145
20
52
424
62
72
152
202
424
320
363
382
228
217
58
430
341
74
232
44
245
288
116
188
153
351
340
453
35
353
256
297
427
416
205
459
198
6
20
196
472
52
351
252
451
159
107
376
361
125
390
285
256
55
154
325
260
191
152
264
383
198
257
297
205
326
51
222
256
203
48
383
49
191
159
313
376
92
2
214
313
155
181
217
235
337
102
386
103
90
13
29
397
390
455
183
89
473
496
472
410
357
60
106
40
29
407
29
285
134
130
355
39
31
392
307
371
196
73
439
174
306
129
314
5
228
123
372
337
441
205
382
407
211
189
382
381
363
360
19
224
211
155
445
198
54
253
468
240
128
167
303
14
334
31
336
148
409
451
434
182
51
72
369
445
302
307
154
93
229
458
137
374
143
127
8
127
105
268
40
484
14
41
435
368
429
385
52
489
402
476
43
395
364
3
463
1
195
401
391
181
250
317
69
297
281
124
256
292
259
388
86
461
192
453
477
279
90
111
92
345
151
123
353
499
431
185
101
290
118
452
338
380
294
112
405
170
337
89
302
178
229
494
455
117
204
169
33
337
413
174
258
145
50
11
135
13
432
421
225
114
391
13
360
269
295
193
305
397
24
25
6
248
239
19
185
320
163
79
93
126
414
175
116
97
258
390
83
42
92
178
268
403
492
37
203
474
369
298
111
465
103
73
35
369
238
320
400
137
305
177
423
52
457
375
383
392
38
317
408
418
457
471
255
373
397
138
342
19
69
291
253
177
4
198
500
305
28
461
80
391
399
496
361
114
160
9
209
374
449
475
336
461
432
190
250
353
310
385
481
453
484
487
430
385
387
53
342
141
261
278
285
87
348
164
121
335
155
49
205
465
6
264
370
3
223
32
409
24
456
241
410
191
434
204
293
320
469
173
289
81
332
316
13
163
156
401
180
380
66
484
134
107
278
480
230
54
259
138
183
29
209
330
267
358
269
486
147
458
86
335
33
142
125
287
55
355
327
415
216
295
93
64
99
165
388
30
83
483
273
286
58
295
71
54
131
314
286
240
434
480
23
11
26
454
201
465
411
108
358
210
132
490
346
325
388
360
456
24
143
81
365
320
253
172
478
300
291
490
218
50
200
232
274
257
469
250
304
27
6
397
219
47
116
308
239
279
79
187
7
116
98
385
493
408
165
76
430
26
98
117
359
194
130
77
387
161
150
452
42
121
210
57
383
347
40
88
402
450
283
66
233
463
407
393
161
497
283
191
246
151
236
269
260
291
283
462
204
487
271
158
195
393
387
284
340
197
397
331
419
278
166
268
13
214
155
57
52
117
387
402
110
348
299
314
318
180
417
136
431
151
93
19
155
192
263
396
192
96
82
101
314
375
102
57
319
119
49
372
124
125
397
320
256
113
354
400
411
165
14
348
390
108
80
261
473
36
321
277
221
25
194
23
358
436
336
119
70
382
465
28
364
281
50
258
410
33
253
402
197
2
122
430
294
88
349
305
353
460
277
317
270
264
462
272
156
431
58
187
413
150
369
419
45
322
234
321
429
281
432
341
214
253
418
360
261
16
388
99
207
419
54
268
104
289
159
168
270
283
487
208
425
17
54
415
372
58
124
443
167
333
499
304
372
112
346
210
60
475
71
7
404
52
103
386
109
407
408
247
375
282
78
486
257
401
283
286
120
222
236
14
263
168
273
344
13
126
202
96
366
152
176
402
98
482
491
476
442
227
479
429
494
207
28
77
220
419
173
380
167
381
46
498
203
173
131
327
366
368
314
228
0
321
238
77
7
257
297
186
25
368
222
456
462
266
388
411
17
392
295
189
55
66
247
100
273
56
39
67
289
262
137
229
145
29
360
137
245
330
57
249
5
247
479
389
243
170
220
217
192
376
1
429
142
479
95
193
38
439
156
144
203
109
243
69
108
344
140
177
115
136
20
232
288
374
401
362
225
50
148
119
477
301
215
5
293
163
410
310
495
463
368
489
286
15
198
496
4
315
60
179
479
262
392
172
284
445
243
187
125
33
384
48
363
112
190
497
461
496
347
338
195
321
144
402
341
284
53
326
241
463
189
490
290
189
491
10
277
206
52
446
345
106
444
88
290
314
242
269
494
402
398
107
330
336
317
372
215
424
48
7
214
2
174
237
252
104
62
447
447
405
342
185
221
182
112
148
91
244
197
360
364
382
396
381
44
180
200
61
382
413
110
37
266
102
0
80
376
95
265
20
15
179
399
323
480
459
40
283
292
499
318
488
373
36
204
226
424
393
121
72
38
54
340
127
118
113
22
398
124
98
364
400
363
351
97
464
271
194
115
107
414
345
190
97
9
118
205
347
491
46
273
392
401
342
61
246
72
333
326
318
12
19
296
411
448
158
69
128
236
49
479
381
389
276
78
268
75
344
215
487
361
223
266
382
272
422
318
404
160
491
40
188
17
358
454
247
212
82
164
391
114
93
305
398
219
54
270
139
147
2
454
328
424
117
233
436
282
59
470
67
356
41
36
362
428
226
98
180
324
435
228
478
391
376
223
72
499
163
96
0
374
297
148
198
424
467
368
186
151
212
221
309
195
136
300
214
42
393
2
203
368
236
189
221
492
407
251
329
445
233
240
344
82
6
493
281
48
350
42
110
150
90
1
348
240
444
173
203
43
482
186
174
135
377
230
0
229
458
125
169
37
116
192
364
433
87
489
367
434
59
106
210
318
337
275
311
413
118
76
388
184
178
435
389
370
93
251
37
121
278
409
315
395
465
221
169
469
412
93
387
453
357
234
336
357
197
451
143
454
387
44
286
439
327
353
405
360
161
143
424
395
370
207
18
18
419
300
151
118
156
306
218
374
29
495
301
335
35
482
243
264
284
3
166
470
69
238
53
211
226
398
499
128
174
194
197
305
338
15
128
417
57
15
496
59
114
445
464
21
380
53
485
319
231
147
173
298
101
491
437
261
54
19
218
95
326
239
488
145
375
418
365
392
360
329
18
86
383
191
275
33
32
218
480
11
298
259
400
22
233
67
366
152
182
482
383
490
344
81
380
280
70
120
343
159
359
380
346
84
2
12
62
142
213
119
217
47
279
156
35
262
310
246
315
278
263
285
67
347
331
388
258
31
331
343
190
239
392
117
496
294
252
138
79
377
278
404
196
32
475
334
214
390
186
415
10
408
5
288
462
83
402
304
31
255
160
471
119
261
412
103
126
339
111
395
223
275
470
485
168
354
25
215
194
256
61
209
339
186
112
398
385
282
139
441
427
437
4
251
477
447
286
266
271
176
169
490
45
188
234
483
164
488
446
113
471
182
368
113
353
76
287
266
442
277
454
336
99
273
384
54
109
186
145
412
87
333
411
389
196
8
327
270
350
137
229
44
492
191
37
201
366
118
250
362
404
30
291
83
184
101
373
33
303
169
483
456
397
246
92
129
145
403
486
209
395
269
127
260
32
294
35
108
398
449
62
41
441
70
244
210
136
101
348
52
289
122
294
151
227
444
454
422
87
14
377
461
240
223
275
364
454
209
305
341
444
104
206
1
79
416
202
471
41
103
122
29
106
305
214
38
431
301
42
489
119
398
392
261
307
258
488
417
342
429
215
98
101
332
497
488
48
98
452
125
436
379
71
315
485
156
193
157
266
146
396
402
118
167
195
275
132
147
120
116
281
221
427
436
265
202
226
101
298
182
56
138
117
321
413
234
374
438
435
203
335
448
277
426
128
391
95
145
472
434
151
469
305
184
237
434
200
454
395
401
200
370
197
133
229
91
440
141
471
5
114
460
459
314
84
121
199
197
479
380
275
288
288
30
148
285
129
201
154
422
189
77
408
77
271
225
267
418
460
140
143
363
339
188
184
402
274
173
490
380
30
185
184
493
55
131
259
439
294
377
125
176
278
433
365
394
199
141
204
105
165
105
370
57
428
21
459
58
209
250
61
192
2
138
356
281
426
207
314
291
308
261
144
241
347
204
290
477
31
476
476
176
176
333
308
388
407
322
188
406
294
332
208
172
304
303
334
318
406
70
239
81
351
133
232
281
497
384
11
79
199
206
86
269
86
237
382
457
78
308
238
415
254
93
454
137
113
183
260
16
186
55
283
446
299
488
364
137
90
437
280
52
123
352
354
117
368
454
0
234
51
369
23
406
485
206
89
458
93
379
86
255
479
369
44
276
345
466
90
50
203
265
449
436
194
159
8
73
43
222
311
284
363
164
82
53
26
479
150
266
326
65
173
431
419
275
315
323
17
404
209
235
315
270
117
44
89
418
430
448
495
176
39
466
294
427
475
65
85
421
152
192
396
424
376
175
438
28
389
294
464
377
67
175
332
461
162
135
254
294
229
380
272
425
415
34
34
7
149
350
237
384
24
7
186
180
487
124
157
133
445
240
379
111
380
478
84
157
470
322
436
311
498
55
264
277
413
4
29
412
403
110
137
375
90
73
53
46
472
137
261
312
360
418
463
94
253
217
187
188
25
330
146
347
383
438
160
255
59
389
453
72
65
460
408
187
183
446
486
295
260
291
433
348
367
187
266
340
418
114
349
259
266
241
417
265
63
83
256
12
100
203
86
88
7
430
59
489
92
24
118
496
98
88
202
118
172
405
313
110
179
144
65
259
261
72
4
316
320
498
37
295
438
340
72
237
374
6
70
443
409
117
263
361
239
201
156
240
353
68
359
5
98
277
491
252
373
351
371
443
285
61
132
46
459
479
102
162
409
63
7
38
420
45
264
273
128
140
306
433
258
254
169
298
357
402
199
422
29
30
95
328
226
476
26
289
357
341
450
131
4
316
296
478
422
399
382
406
225
253
300
471
463
253
215
109
378
342
411
182
259
387
118
99
51
334
401
449
137
248
216
184
56
441
46
10
83
104
266
46
312
132
284
109
159
296
367
342
373
91
279
4
21
17
105
312
341
160
225
410
73
276
378
102
91
442
23
310
458
148
421
481
192
91
398
95
390
198
484
450
396
119
215
148
72
74
430
37
77
82
488
17
106
448
80
286
423
458
157
319
322
331
49
365
103
54
140
171
474
95
29
216
57
163
253
375
153
89
19
262
201
258
428
98
466
27
255
192
75
34
217
381
393
453
113
155
34
279
356
149
22
120
99
129
282
85
425
297
437
275
56
132
320
132
136
387
203
354
414
441
25
368
29
59
380
278
285
229
273
481
395
473
128
402
437
237
447
209
216
214
53
200
310
17
491
242
436
235
487
42
335
218
399
5
76
66
435
423
365
362
325
285
330
349
152
0
370
142
303
465
10
360
372
159
59
167
206
78
107
474
264
452
140
340
274
490
175
63
134
15
69
408
346
348
134
387
454
434
1
181
326
37
365
101
121
421
169
162
155
5
155
330
213
272
256
140
465
6
288
64
155
56
74
275
168
289
159
293
442
128
65
268
49
71
265
298
0
204
473
248
194
235
179
471
62
147
316
267
351
445
118
35
481
14
392
140
354
43
326
71
333
212
278
441
87
92
489
405
146
222
80
431
369
96
19
88
427
142
381
14
471
223
390
22
32
405
266
239
348
293
363
282
482
478
100
272
430
23
185
444
326
264
3
493
114
386
1
158
304
268
145
102
426
11
134
254
335
348
424
338
139
293
497
53
402
203
287
278
127
158
51
491
490
316
432
471
283
235
477
214
36
340
458
230
260
491
407
33
358
321
45
306
41
296
211
412
140
376
30
424
7
470
479
270
61
449
325
82
90
346
460
283
458
135
296
72
426
493
289
326
159
202
139
392
476
114
188
104
61
34
433
118
319
139
316
12
321
308
442
387
120
435
286
346
276
411
97
325
483
443
49
416
424
229
361
298
107
285
85
249
247
12
83
333
114
405
81
433
286
301
152
87
278
103
398
477
106
444
267
134
116
167
330
497
74
469
228
16
5
354
237
204
316
26
182
415
317
399
291
467
433
427
174
369
40
391
127
500
259
189
52
128
371
6
261
315
26
11
64
180
410
33
436
310
83
223
287
81
49
293
12
379
407
51
396
110
151
498
116
34
413
212
89
342
254
308
344
284
262
127
61
172
243
240
132
53
411
262
97
316
133
422
246
369
353
50
73
118
112
216
5
366
67
1
319
183
11
450
274
364
299
169
64
23
497
470
2
368
154
379
386
195
88
497
299
294
437
436
132
262
371
237
465
193
104
35
75
100
38
255
10
179
464
448
246
42
119
64
400
384
32
495
175
406
319
12
12
433
26
303
102
97
311
219
14
150
396
479
292
261
470
463
34
409
339
62
10
260
36
92
410
287
333
45
339
395
45
268
186
320
319
57
131
432
432
451
466
274
27
410
385
440
381
298
148
394
499
257
486
78
378
357
86
125
329
107
214
500
172
81
386
373
317
450
418
337
346
266
107
212
293
402
489
169
208
358
149
48
158
444
311
6
126
228
6
473
9
491
358
185
154
79
186
372
87
349
437
378
175
328
36
363
307
121
146
350
246
128
88
442
377
267
484
341
231
420
279
79
250
142
57
14
283
487
303
212
303
133
110
294
58
167
219
296
176
343
331
378
354
26
399
229
181
330
463
441
357
305
83
78
339
491
274
245
6
471
172
256
331
289
267
373
55
306
229
312
248
174
164
204
38
354
97
496
219
472
419
181
381
167
459
205
417
127
322
387
136
193
371
200
392
387
275
53
366
172
181
63
187
439
245
208
465
496
352
164
337
182
170
14
490
495
354
65
28
176
216
389
328
489
47
329
210
497
244
429
7
326
337
299
364
317
156
471
323
65
377
355
472
341
15
460
314
250
154
176
94
484
267
309
256
465
413
3
268
500
125
295
265
241
204
173
89
380
77
98
414
277
227
50
422
358
306
196
148
373
18
303
463
496
348
324
263
450
219
17
45
86
405
51
119
399
259
443
172
102
80
0
327
242
109
199
212
93
117
343
437
33
149
291
446
483
161
23
453
420
357
490
370
149
172
132
179
157
180
195
257
295
296
155
318
36
130
370
67
204
174
314
372
401
397
243
119
175
161
241
281
227
385
94
227
364
43
349
111
485
464
246
79
23
247
370
293
173
322
135
489
273
125
402
497
354
277
155
128
262
247
447
85
95
199
61
457
144
472
460
71
171
289
320
435
408
298
276
261
77
321
217
471
121
326
168
434
251
99
149
42
295
344
446
355
134
386
303
158
326
124
420
124
180
12
107
73
209
283
41
360
241
85
106
495
387
213
38
342
362
497
201
166
435
268
338
434
124
481
43
470
191
441
386
165
482
419
399
93
8
244
354
367
127
33
481
243
275
197
495
262
391
46
152
413
394
211
330
225
354
369
50
53
477
228
82
87
235
366
349
214
436
115
88
284
243
219
315
44
112
380
199
217
393
321
272
163
202
35
30
337
184
378
154
215
486
462
243
452
13
148
276
339
246
475
23
404
206
149
308
286
47
58
219
403
31
264
342
150
161
428
370
213
437
259
119
248
433
344
380
379
351
288
372
209
188
291
472
449
15
393
491
354
59
300
431
152
217
263
255
76
107
337
483
191
272
334
19
115
380
331
375
0
288
43
196
377
480
465
470
450
276
127
152
233
361
282
283
31
359
18
445
320
169
321
476
347
364
308
495
131
399
444
175
61
74
54
71
275
55
364
135
199
398
445
458
159
110
488
226
139
8
134
29
290
23
384
398
219
314
240
257
249
350
500
20
123
308
262
271
307
198
389
65
413
496
308
113
453
273
403
267
70
77
246
311
399
179
238
367
69
409
185
219
72
378
153
313
421
234
192
348
343
419
323
423
249
244
93
252
121
36
290
438
368
474
370
234
244
8
75
134
313
301
462
128
231
16
369
490
302
32
243
263
452
236
439
50
291
233
479
351
141
143
11
363
326
43
49
454
53
269
223
295
465
76
141
72
475
261
446
315
81
196
347
159
296
454
359
288
120
230
172
343
54
481
160
20
59
462
450
348
162
194
93
210
474
250
384
242
141
0
186
156
469
183
161
425
20
74
246
43
333
205
21
60
191
135
211
100
452
412
22
407
497
254
1
46
363
105
241
63
94
187
179
172
418
175
373
405
292
463
423
338
433
267
171
105
224
448
275
50
322
192
360
316
50
10
282
75
256
500
68
80
271
80
450
264
312
322
500
399
339
431
105
348
174
122
133
269
379
6
105
202
494
401
114
401
422
170
31
284
192
262
147
226
454
246
443
169
296
123
84
86
387
9
341
420
480
427
118
420
187
156
193
358
340
18
369
18
41
446
120
10
73
289
177
327
167
145
423
60
189
22
394
195
361
436
6
87
101
169
86
423
155
207
143
448
465
330
69
337
244
104
372
429
426
485
222
252
40
460
186
296
98
412
486
348
220
94
285
44
112
214
2
276
475
155
104
159
367
255
135
21
273
134
475
262
280
161
0
277
18
498
183
203
302
84
303
203
286
356
477
391
349
73
79
46
428
68
2
371
3
238
171
86
126
289
345
120
350
37
437
141
86
357
207
456
105
92
116
490
16
186
499
335
470
395
259
240
297
44
344
65
48
78
340
409
94
266
440
311
99
174
4
276
317
430
248
29
229
325
252
59
454
127
496
143
204
171
373
492
226
283
26
41
94
309
320
358
116
291
288
248
367
31
104
223
414
359
416
489
399
461
184
130
156
30
130
325
479
378
83
198
108
241
12
110
277
490
181
417
93
39
226
394
93
194
230
262
115
392
8
344
237
174
125
30
61
457
474
307
455
113
500
200
138
438
244
109
92
98
378
98
42
1
90
1
135
225
415
188
325
435
177
9
96
188
17
369
297
285
97
61
208
414
47
420
184
295
154
357
142
315
128
139
416
428
376
392
185
210
226
81
336
205
464
303
182
89
11
231
461
1
15
288
348
70
291
60
305
393
193
207
63
113
144
236
275
450
326
295
256
394
32
458
63
385
205
66
392
2
80
41
63
465
42
493
489
108
265
209
64
288
460
302
167
312
39
292
406
39
272
231
284
267
318
155
368
352
43
336
193
268
398
176
233
326
291
136
425
287
220
320
267
448
304
393
198
396
320
232
7
409
145
199
33
262
267
369
96
390
43
98
177
465
312
282
41
449
69
200
402
500
405
323
4
287
76
379
121
296
48
44
324
486
474
136
415
149
415
421
271
43
217
393
204
448
384
90
112
208
175
43
363
444
277
322
333
321
346
413
253
458
338
174
120
80
48
222
289
259
292
408
448
382
78
211
197
260
244
398
