---------- Lista ordenada do arquivo: NumerosRandoms1 || Tipo de Sort: Selection Sort  -----------
-------- Tempo de duração da ordenação : 301 milisegundos --------
-------- Memoria usada aproximada: 384176 bytes -------------

873
808
79
235
983
833
572
840
405
781
851
85
401
934
428
903
856
414
911
929
509
157
199
568
344
248
466
767
592
694
924
187
29
160
365
961
174
594
37
923
662
865
967
149
587
102
241
270
384
456
681
415
780
212
657
223
613
234
993
25
946
696
384
358
566
492
847
944
34
162
309
278
885
457
488
901
925
496
87
907
611
968
52
441
317
838
684
551
17
54
768
11
877
20
496
465
271
636
919
492
265
203
898
397
619
431
370
27
149
21
616
850
871
898
373
824
40
633
650
191
442
458
55
718
350
702
193
843
258
412
466
482
667
333
351
64
966
980
637
213
39
1
72
317
505
853
744
559
504
889
328
521
516
52
536
203
95
114
937
970
429
942
416
381
859
547
598
152
398
781
574
103
236
141
994
798
677
278
848
723
684
587
1000
682
843
745
694
845
309
928
76
543
769
334
444
26
543
434
962
652
74
309
38
830
243
860
389
920
966
114
959
314
131
163
203
828
823
450
817
351
307
605
999
166
66
555
720
349
785
934
381
251
320
381
207
947
418
700
516
663
182
548
815
804
894
51
489
165
246
920
381
87
868
897
792
333
58
949
663
341
320
352
543
987
145
409
212
660
412
567
352
359
993
269
449
395
446
854
271
900
801
845
762
79
315
851
617
700
946
756
123
210
395
199
501
296
252
15
417
381
967
594
670
502
376
485
866
221
773
608
613
215
89
757
615
106
669
148
127
584
168
669
642
916
220
401
296
697
381
599
612
386
452
965
731
633
16
370
311
715
819
56
875
930
820
833
449
88
605
242
824
908
18
326
755
267
337
383
78
147
600
576
682
617
416
549
30
519
711
819
616
457
969
777
211
101
496
567
24
545
493
442
84
585
586
65
298
30
942
609
506
507
241
401
880
96
369
313
846
159
550
14
501
644
110
476
329
77
495
268
679
833
402
900
512
298
78
524
462
386
533
229
838
762
260
664
125
714
300
170
647
255
191
757
672
907
416
153
563
352
296
127
831
667
153
822
950
236
644
675
979
50
939
878
423
888
218
575
672
958
284
153
791
798
130
703
241
806
326
704
254
6
988
99
396
823
1
821
197
75
149
5
606
925
348
644
667
1
84
991
101
838
935
477
698
136
837
951
406
518
256
971
481
509
937
358
663
348
638
737
329
312
118
594
991
712
485
46
711
391
123
206
693
699
522
922
758
73
742
404
699
460
433
519
392
547
899
331
497
78
366
425
943
144
594
875
721
135
31
415
342
385
982
519
739
430
771
38
577
58
544
794
771
531
660
238
496
149
890
780
383
180
847
187
993
694
709
130
247
124
251
969
168
382
19
114
991
206
397
130
795
119
675
912
853
78
626
10
23
769
584
845
173
348
917
234
576
867
420
151
676
148
115
212
549
742
990
631
296
234
559
593
781
781
391
999
747
723
978
613
935
868
862
655
675
477
138
315
442
94
168
4
188
352
762
344
263
981
582
340
823
702
668
659
596
907
33
244
704
880
544
662
318
871
341
760
941
714
738
577
462
465
788
733
965
770
7
767
696
977
388
501
936
148
868
787
144
739
281
289
552
852
24
378
188
454
668
988
647
45
661
81
674
754
635
84
652
572
194
959
767
186
577
700
499
946
341
403
346
107
513
469
304
389
445
625
983
267
956
716
998
275
763
35
570
687
609
181
97
925
543
26
920
708
72
964
156
190
849
883
506
594
849
196
871
505
386
705
634
717
520
502
573
358
678
151
757
705
984
287
327
734
999
47
757
354
134
882
17
570
277
886
490
863
368
639
188
374
197
952
619
772
517
599
166
297
822
693
777
364
445
989
185
688
737
803
910
193
818
875
491
644
457
101
926
122
565
911
970
252
620
864
62
131
514
423
413
23
750
520
825
690
862
68
26
261
466
687
785
480
307
704
129
372
983
35
665
30
37
319
797
103
684
484
742
219
569
771
484
970
52
115
707
238
959
585
652
568
558
146
835
358
662
134
782
950
448
415
749
758
425
233
83
786
951
17
751
815
307
987
18
251
898
309
950
894
959
23
741
244
572
390
415
274
124
128
446
246
919
121
630
637
576
515
444
717
256
237
151
979
919
327
913
161
730
366
196
286
723
548
668
933
457
536
8
395
238
368
575
475
819
44
286
803
895
272
0
229
323
205
427
707
904
65
804
723
940
691
382
559
572
218
683
291
86
197
25
778
133
676
35
943
756
302
727
448
745
344
655
508
291
919
482
864
653
316
397
341
203
910
44
849
755
666
156
280
296
644
902
121
853
703
15
9
510
165
486
199
203
238
981
984
11
676
188
86
106
527
803
350
196
6
799
93
897
957
193
502
497
880
401
37
539
276
996
155
365
243
585
573
118
54
531
369
495
64
494
492
317
696
417
102
502
710
944
727
176
545
3
55
789
752
724
110
282
76
454
770
141
182
312
29
306
297
873
17
442
642
927
523
2
939
112
227
213
918
693
74
956
562
630
923
653
113
1
569
206
773
821
748
702
367
880
94
188
233
929
753
612
950
946
286
706
713
967
545
575
287
696
705
588
515
143
773
829
48
587
966
150
933
50
285
493
210
410
613
780
827
52
495
964
531
97
168
789
537
933
859
459
438
255
202
899
758
730
603
848
287
569
497
31
384
969
687
400
2
51
304
941
286
434
201
952
499
945
49
577
154
186
484
901
734
605
635
647
773
381
49
534
135
558
918
120
752
231
932
702
337
495
309
324
500
904
523
893
586
918
1
408
706
28
27
442
479
896
151
165
919
730
517
996
456
764
169
96
666
306
867
198
486
602
180
248
945
621
775
878
495
826
820
905
45
566
150
340
925
991
730
765
372
940
129
967
856
354
249
427
145
892
671
276
800
310
311
670
695
460
320
59
124
737
972
696
787
612
100
246
352
751
984
315
526
199
985
179
610
472
458
882
744
452
442
924
152
101
225
534
447
735
498
176
569
972
906
60
136
671
626
903
618
670
809
288
280
433
904
96
717
477
53
359
919
867
426
833
482
801
365
993
347
729
497
695
823
706
251
318
718
101
818
880
293
677
232
275
338
303
468
362
541
597
976
821
892
830
812
834
211
503
648
393
203
76
555
10
569
62
206
292
268
175
390
603
889
309
122
738
839
269
129
368
734
900
810
189
320
506
664
266
933
523
481
51
978
254
619
827
365
299
297
380
996
398
754
204
51
502
82
87
0
486
49
401
512
664
771
496
154
780
860
67
274
381
814
718
578
316
205
896
775
141
474
62
424
278
597
671
770
752
370
759
37
459
612
670
764
595
675
127
713
155
168
873
563
360
286
65
926
832
784
8
646
759
640
277
230
416
879
889
879
272
376
236
686
895
689
530
726
317
81
349
148
84
334
137
453
702
574
401
334
347
971
43
417
923
856
54
702
984
92
738
767
459
65
516
997
485
340
273
272
990
290
534
141
192
226
511
419
472
34
936
227
293
956
181
498
533
404
12
884
661
555
493
35
35
497
318
613
971
720
742
769
839
111
891
221
683
697
612
286
980
491
144
260
273
175
189
292
565
865
910
664
429
529
497
31
127
89
872
913
577
201
578
602
485
396
588
307
191
939
816
628
157
487
348
151
386
632
939
366
252
260
270
904
602
565
817
176
771
355
140
392
577
543
910
307
729
461
12
337
586
657
689
60
513
328
861
384
967
742
848
264
752
454
225
320
470
544
579
108
600
132
241
626
949
511
752
113
997
928
412
283
279
724
812
467
198
10
219
81
705
851
849
400
497
477
269
765
261
19
276
764
111
981
923
771
131
684
697
540
452
614
430
774
204
416
791
889
246
254
638
212
901
958
915
346
519
526
917
253
636
100
220
498
568
169
929
723
637
883
463
986
316
170
893
579
904
3
119
963
405
618
268
589
106
563
642
137
828
24
612
564
508
856
342
613
877
44
867
586
717
784
976
578
550
204
3
159
963
421
609
573
445
973
440
334
864
665
79
282
593
465
203
660
12
122
601
321
701
677
137
634
408
365
987
919
117
632
275
768
39
477
898
429
971
284
852
546
799
100
233
997
873
97
359
908
249
517
140
776
722
366
509
215
773
570
374
48
476
40
549
87
234
219
469
453
111
147
771
268
14
876
198
861
202
260
198
795
731
926
887
343
888
951
223
827
376
82
396
64
164
278
516
17
657
816
886
981
547
454
836
350
842
541
132
704
971
59
589
778
358
673
660
613
980
829
588
987
580
175
60
795
550
842
98
166
112
920
292
426
652
211
292
532
443
178
75
957
878
429
147
554
797
459
575
108
838
549
786
887
68
913
522
739
228
12
34
564
916
315
405
390
594
584
581
428
219
567
769
181
719
503
835
890
162
755
896
215
232
421
720
620
413
331
299
854
19
484
704
932
734
505
116
87
763
664
884
807
1
824
470
762
424
530
387
831
14
583
4
258
774
696
766
105
953
518
295
822
697
829
835
82
718
45
278
975
704
116
285
72
736
983
769
678
701
39
658
923
594
747
207
871
74
691
869
36
797
910
467
855
480
128
849
46
42
282
208
79
550
933
558
523
641
287
796
293
872
841
422
803
903
767
374
675
960
255
74
713
207
628
618
143
22
228
561
632
53
899
123
844
243
723
120
788
553
804
721
401
403
129
3
507
936
334
308
21
690
866
493
638
270
277
522
915
87
78
952
924
505
279
55
215
31
762
600
274
221
197
654
322
294
260
591
205
936
75
271
34
783
295
157
697
857
920
417
209
865
987
79
558
94
966
567
321
910
336
345
589
379
927
918
978
262
415
853
377
716
163
160
340
532
919
548
342
343
989
963
192
519
60
537
910
406
160
701
222
576
224
19
244
628
744
246
947
606
382
374
79
214
622
532
168
195
285
155
806
317
71
427
498
8
863
167
904
72
502
416
659
386
478
511
818
406
993
750
546
118
317
500
199
607
66
973
691
128
771
713
568
797
224
41
864
958
853
287
368
796
471
506
21
770
338
846
233
289
451
892
530
221
73
588
967
98
243
997
321
958
50
244
905
64
491
89
657
348
686
224
844
835
315
306
303
568
376
504
663
410
973
822
891
804
980
668
429
959
310
159
511
465
198
625
258
246
91
815
908
275
35
206
25
795
151
718
144
184
158
46
856
33
52
209
426
12
252
849
667
337
48
215
119
920
201
713
824
646
829
729
21
581
917
351
256
121
337
264
142
235
513
292
61
83
498
807
939
433
331
555
889
679
834
38
473
709
958
710
951
142
527
55
995
488
604
832
824
145
489
382
961
155
935
426
723
241
414
726
911
49
309
542
418
938
77
284
748
351
309
382
556
573
628
822
897
798
645
771
619
795
548
826
548
821
595
269
136
362
215
24
730
458
417
253
252
924
109
185
469
738
701
359
257
565
440
596
663
782
803
855
112
128
173
686
388
157
735
559
792
929
951
661
225
856
873
204
744
751
930
402
476
445
731
916
506
419
300
111
993
948
307
200
802
511
177
134
544
677
943
6
9
670
419
457
686
738
452
258
475
514
147
565
814
28
90
363
237
375
772
168
297
499
513
178
800
986
466
407
583
526
139
674
470
746
81
452
422
919
488
578
92
187
274
690
514
569
9
699
977
934
927
795
786
279
150
805
819
867
1
587
925
553
922
515
807
884
417
167
196
953
931
586
882
706
893
906
859
337
795
10
585
547
417
365
359
254
695
78
624
577
651
169
429
125
498
292
735
527
37
408
953
487
362
520
675
650
320
377
455
397
856
377
888
681
707
625
879
958
409
969
6
770
76
712
960
713
565
153
215
252
457
542
349
623
448
204
366
697
80
221
250
119
763
601
839
399
264
407
379
838
783
32
704
654
812
911
592
922
678
25
393
887
930
297
898
162
269
669
422
405
482
163
140
841
9
125
38
164
358
352
126
657
763
471
999
198
979
975
983
700
12
45
575
514
252
104
283
750
724
829
642
141
19
168
563
62
132
10
178
158
131
15
104
787
502
32
795
844
57
431
952
421
411
369
977
482
325
604
851
227
934
300
745
168
5
387
334
335
448
107
354
831
961
425
158
719
833
724
830
723
140
322
4
159
812
145
205
524
609
671
845
813
587
836
902
48
822
424
159
895
900
431
719
724
32
190
881
379
345
407
300
140
147
253
192
157
810
661
365
832
163
605
551
164
295
663
22
202
856
402
358
160
790
898
689
212
582
972
798
897
481
792
611
39
84
866
83
73
823
873
800
284
626
629
19
357
80
121
675
625
123
114
599
907
53
396
82
620
651
766
651
268
779
73
618
188
863
782
529
910
16
712
10
420
487
380
299
365
603
992
758
296
432
588
684
579
196
401
919
153
590
660
526
979
992
543
852
100
697
487
779
257
909
957
143
179
340
635
193
294
355
867
572
918
613
353
964
460
777
753
372
68
691
888
11
96
332
963
63
167
172
624
76
960
419
159
402
296
199
420
428
500
211
237
53
86
990
958
103
450
315
893
445
489
119
827
271
758
377
379
990
967
998
598
987
294
143
231
39
635
844
349
364
325
319
467
678
742
908
281
249
50
981
835
439
321
878
345
841
291
336
574
753
472
765
454
967
918
528
781
894
90
27
270
573
458
591
998
85
267
886
320
713
139
789
245
586
46
611
114
643
812
26
918
554
307
92
903
621
193
893
7
188
585
766
909
483
17
922
459
67
98
613
301
640
109
489
524
945
898
926
412
276
671
478
649
611
342
980
774
631
826
36
307
569
389
50
126
293
554
139
93
193
992
472
39
929
151
972
587
543
475
292
206
810
243
690
945
86
338
953
768
600
857
625
404
955
805
170
35
651
385
715
991
807
634
909
415
883
6
894
270
0
901
547
268
185
626
239
713
24
556
948
333
220
373
540
438
910
903
53
249
114
863
103
957
881
928
803
671
322
94
526
60
639
479
771
549
337
998
444
258
297
97
838
996
617
269
392
499
783
936
646
754
549
502
538
345
939
218
830
163
94
774
660
131
998
574
572
921
227
261
134
905
844
525
227
885
517
541
996
887
578
452
739
792
381
967
622
366
615
506
443
627
545
394
737
632
56
180
153
625
532
520
601
11
375
601
984
106
109
127
863
813
358
125
832
801
96
305
62
666
489
699
842
880
847
781
585
501
330
540
331
161
931
738
610
980
877
905
552
65
505
40
734
687
860
838
231
293
521
584
37
996
816
819
639
591
628
37
581
250
993
981
861
512
740
779
204
544
301
969
258
964
45
799
648
682
320
336
567
570
178
603
560
161
203
107
369
477
813
712
223
548
76
889
715
406
526
566
744
680
831
841
3
613
970
109
766
873
908
48
994
663
983
326
477
748
40
22
215
648
925
513
193
568
177
988
974
936
612
760
639
805
832
49
859
207
185
797
801
523
814
247
812
218
317
794
223
52
566
646
54
468
150
778
580
64
941
811
849
41
255
790
619
508
490
426
765
169
523
731
733
392
107
601
939
662
894
797
75
7
443
84
419
926
776
321
469
257
175
338
513
439
483
100
120
655
379
75
884
961
648
277
984
429
119
546
256
840
623
579
918
98
73
496
677
296
234
747
63
159
165
289
4
185
595
441
859
15
879
347
214
887
839
890
348
319
16
351
806
587
124
403
885
894
948
651
832
258
223
907
309
262
822
640
938
131
484
674
384
203
670
752
257
255
873
425
127
895
676
602
164
41
386
355
139
465
101
199
634
817
118
724
402
953
103
203
595
186
97
946
680
656
71
629
529
529
426
780
47
854
794
848
53
219
203
776
391
977
97
14
57
603
765
187
446
586
302
276
203
465
456
59
331
570
467
451
692
823
931
279
132
263
786
990
62
407
418
16
442
93
252
3
712
231
571
475
239
17
117
791
833
775
608
973
300
305
726
127
997
91
259
455
129
760
81
751
219
806
532
360
648
998
4
68
239
477
361
629
150
694
51
319
245
454
905
975
253
76
628
766
462
596
891
341
989
914
6
933
190
87
801
118
166
100
219
393
27
898
378
359
724
258
688
284
49
865
663
753
361
267
902
293
633
124
948
568
164
141
963
26
203
403
737
580
120
875
876
190
837
363
272
81
908
143
55
915
738
528
695
901
940
394
739
854
900
492
201
317
398
243
495
364
895
109
829
283
26
236
524
597
955
938
775
503
252
260
322
677
958
857
766
470
106
945
444
267
412
345
795
491
140
102
215
75
718
696
761
682
421
750
666
663
984
227
915
553
967
147
982
492
117
744
843
51
824
795
257
603
776
385
980
812
525
391
997
212
62
575
850
454
992
441
222
341
912
442
208
193
773
921
275
987
58
521
871
279
651
9
478
796
801
211
917
207
714
988
837
911
315
337
437
506
692
296
756
710
728
318
853
650
481
120
110
616
565
100
133
776
481
932
134
988
43
580
552
292
986
921
351
860
535
365
48
522
337
901
183
509
200
230
143
208
510
294
610
248
56
842
428
920
696
598
110
248
622
135
770
345
901
889
587
367
90
14
570
553
732
913
527
143
621
369
494
821
595
557
450
275
43
765
302
362
999
937
661
145
213
87
271
559
754
916
253
102
68
938
820
666
825
72
257
603
503
667
836
817
660
894
69
696
251
121
171
970
497
331
85
852
640
671
320
158
789
423
45
822
626
394
207
82
917
807
120
795
180
854
621
877
735
571
590
967
954
374
189
673
323
571
170
275
7
329
142
866
471
984
675
314
51
429
713
653
833
522
325
697
943
502
979
118
36
72
990
834
661
911
243
911
263
218
89
935
132
665
892
783
757
631
940
172
606
799
573
544
310
655
925
383
488
272
937
534
546
310
62
135
952
103
767
728
402
566
325
485
59
347
179
997
415
574
400
251
165
685
194
817
316
90
460
816
736
531
709
966
537
339
631
851
494
28
444
167
443
657
562
840
635
193
880
683
41
360
423
785
471
852
180
71
837
364
114
178
198
639
287
705
956
816
256
792
996
367
134
866
67
75
458
845
485
186
254
467
510
833
671
438
567
813
271
509
232
348
747
831
790
905
23
144
635
729
247
462
642
887
280
83
112
492
85
106
731
347
512
369
727
319
410
8
636
692
611
684
314
127
671
259
424
920
516
820
336
734
481
112
146
418
398
485
712
797
4
151
733
264
845
66
757
71
811
753
847
378
28
517
580
914
147
441
817
701
632
834
0
202
406
479
616
423
53
733
31
412
108
544
261
389
883
457
773
928
231
132
915
769
784
153
916
880
696
713
450
290
455
721
481
950
36
827
398
968
55
290
949
636
762
682
698
525
495
285
546
539
92
655
982
632
642
768
606
297
380
992
468
10
909
486
526
546
685
258
287
582
614
437
503
925
806
159
657
152
771
464
378
520
357
894
900
909
956
836
907
421
964
500
465
568
2
760
406
216
331
426
555
864
482
330
129
65
172
260
338
341
335
85
168
524
519
994
454
573
218
587
828
71
413
845
915
736
897
208
106
550
533
662
650
27
747
728
651
598
573
169
604
898
308
715
328
734
206
275
299
332
9
69
648
573
848
284
192
478
895
918
548
178
138
564
736
492
539
782
923
37
659
472
402
448
3
719
283
490
222
325
356
550
580
15
325
7
575
40
757
756
731
175
436
520
643
425
640
603
386
711
673
117
180
160
609
244
717
604
824
564
100
645
712
802
129
624
790
833
501
286
17
312
243
912
931
542
699
939
965
128
7
923
154
467
759
432
363
139
86
343
966
578
334
254
355
785
255
840
605
641
31
520
893
886
483
400
774
527
751
511
914
678
472
489
488
444
357
322
364
498
579
794
812
827
843
616
185
799
479
479
197
71
700
268
217
422
297
308
311
702
509
402
136
349
560
907
685
474
447
752
445
211
817
377
706
964
537
593
710
439
189
750
672
249
460
316
903
26
428
145
758
394
620
395
269
218
697
759
928
336
787
3
229
875
208
186
905
131
590
266
843
207
37
886
916
890
941
93
487
196
608
162
498
231
275
376
277
306
40
348
162
17
205
631
784
771
731
577
857
131
990
171
946
675
120
221
425
650
890
934
378
515
811
3
632
239
373
571
347
977
133
2
996
975
537
167
204
532
527
654
863
885
445
775
902
710
953
854
179
298
745
383
396
618
784
760
174
431
401
874
772
908
379
651
528
817
957
281
700
20
147
3
165
774
64
915
713
873
132
134
337
567
155
313
77
672
430
921
120
853
180
681
442
332
975
241
658
778
831
488
420
330
973
543
44
963
2
557
146
250
553
740
437
855
776
471
448
942
116
559
301
42
479
553
987
319
927
961
696
614
671
11
996
81
981
489
204
906
948
348
375
538
338
501
864
967
581
439
557
830
324
507
973
90
960
797
975
94
861
215
671
351
78
268
272
705
455
805
364
628
340
743
103
586
150
343
370
805
503
287
931
713
801
155
21
186
451
794
30
611
840
345
280
17
381
45
546
456
131
69
161
849
602
596
409
920
61
1
34
717
895
145
98
28
271
376
999
164
693
88
296
733
13
695
429
910
429
306
825
969
806
863
960
53
97
21
735
212
508
511
316
755
790
398
582
57
26
619
985
308
739
836
946
338
492
753
43
606
396
139
442
311
386
368
563
24
690
427
692
275
190
30
334
632
763
118
802
443
864
444
216
49
359
17
622
336
3
411
321
67
574
500
166
265
957
66
230
700
1000
412
704
522
653
528
413
660
261
733
597
162
491
299
473
649
556
940
211
633
92
805
163
927
711
246
189
341
344
871
982
567
144
15
366
194
138
536
135
213
928
692
433
615
932
43
973
452
854
949
229
446
583
452
526
41
591
267
834
714
89
406
742
685
264
265
291
504
651
183
276
957
872
301
683
26
201
705
738
584
402
748
91
963
175
595
389
756
60
217
861
653
848
465
82
728
624
462
186
23
597
598
111
367
135
625
603
722
317
689
316
607
621
783
308
105
162
969
976
664
839
209
699
665
118
878
105
937
561
804
122
58
571
179
984
402
672
483
297
792
895
460
46
702
708
367
81
205
517
639
49
629
634
73
903
404
1000
802
243
640
478
776
707
412
475
658
69
311
191
593
761
727
592
108
199
25
496
578
1
534
8
792
445
976
261
997
380
473
609
358
268
237
50
356
935
228
407
324
817
429
913
729
998
340
1
716
931
223
856
120
381
570
782
448
533
571
756
168
449
225
434
752
142
570
505
929
779
819
808
639
727
672
729
28
676
971
611
155
774
658
728
653
34
89
802
986
840
232
580
118
764
52
345
52
390
701
261
288
145
981
517
880
495
380
35
80
999
152
842
200
558
1
739
781
46
512
447
320
71
779
588
998
894
770
633
222
840
142
923
617
732
359
405
707
487
247
354
10
517
618
71
243
429
961
117
500
669
966
995
930
820
578
302
992
636
871
618
281
904
663
281
530
776
594
75
605
138
775
170
501
373
994
805
466
276
331
114
626
171
190
62
526
899
193
968
375
120
83
900
160
827
62
42
86
881
393
669
547
133
326
949
801
414
473
604
860
489
910
817
976
103
60
901
28
385
826
756
175
817
142
801
88
472
766
719
668
865
667
665
87
118
324
42
764
593
693
326
239
832
866
217
992
399
16
86
489
810
414
427
542
547
449
137
209
410
14
163
883
930
838
474
515
517
293
726
483
836
370
724
463
476
361
618
363
899
903
829
17
820
739
705
15
183
807
799
800
972
619
268
171
543
656
270
730
712
421
245
557
52
596
366
371
923
343
809
313
570
546
851
510
777
41
168
630
121
49
122
413
390
633
250
65
640
671
65
287
341
37
553
204
926
667
911
538
716
388
293
796
980
604
708
137
507
963
855
15
265
877
919
547
600
659
915
163
609
969
640
449
874
616
369
764
837
191
85
344
96
753
574
145
631
356
548
407
597
56
707
270
668
760
366
246
432
88
751
120
767
15
95
21
687
470
301
899
722
482
260
643
621
629
966
90
455
633
62
906
788
705
473
321
189
501
327
292
396
727
558
660
754
490
126
434
741
267
745
485
849
790
170
827
393
49
464
213
887
541
499
782
500
771
317
183
588
414
927
327
210
201
735
776
498
494
747
539
887
399
942
207
344
575
101
170
212
84
51
11
538
610
179
823
166
270
883
944
187
917
534
813
119
847
546
567
431
310
965
935
481
240
343
927
591
546
44
884
79
928
936
181
300
670
530
882
324
215
971
177
114
750
106
295
550
737
628
928
622
845
922
411
800
198
742
589
55
814
184
759
626
867
412
32
825
927
163
756
710
277
3
634
484
600
691
266
930
51
521
524
411
925
431
621
953
642
884
436
215
742
730
518
139
861
1
724
46
62
776
567
757
464
626
208
793
525
358
817
564
820
746
755
431
738
835
74
239
843
513
399
840
905
453
142
648
909
828
980
996
697
947
893
786
516
785
710
102
752
469
709
799
149
246
464
801
737
186
459
545
436
992
851
761
893
829
586
784
20
622
130
894
492
904
405
432
723
872
982
271
995
204
791
114
377
869
415
728
243
43
668
168
799
658
231
75
317
5
24
518
626
614
645
388
527
576
804
618
149
660
162
974
291
276
50
33
466
91
277
347
34
444
292
920
259
909
903
359
567
856
871
548
314
124
914
908
403
997
478
461
734
58
336
315
422
675
648
792
329
388
387
889
488
269
613
810
216
950
763
646
550
87
770
931
336
562
971
468
8
993
623
104
728
591
801
761
191
594
185
538
935
771
386
91
94
465
567
551
958
259
581
394
334
203
224
507
73
604
575
450
461
80
394
168
619
624
901
372
92
7
332
59
187
581
876
716
899
507
465
324
904
350
13
697
144
288
509
989
691
848
499
806
258
856
738
986
165
914
277
263
172
736
789
106
441
675
104
442
558
29
996
841
483
699
694
168
745
484
41
971
863
885
49
888
682
774
419
915
223
234
186
741
45
927
441
242
853
54
442
654
85
698
412
742
432
955
968
211
244
926
602
365
225
681
403
836
638
168
964
814
292
227
144
702
406
337
151
222
70
765
656
822
139
630
194
49
654
53
143
453
119
657
309
553
19
690
252
813
142
977
710
680
872
266
14
673
320
881
58
827
991
29
185
177
617
752
33
654
268
26
607
685
71
8
898
791
658
746
645
56
760
252
4
511
286
777
279
593
914
885
894
816
923
125
551
202
702
552
822
634
592
739
24
148
304
42
927
258
685
521
750
369
643
671
748
280
252
790
213
765
627
782
356
747
905
708
533
473
303
921
817
991
415
94
141
542
885
995
424
366
672
78
680
432
738
153
470
646
151
112
472
256
110
508
331
980
576
260
372
594
267
767
668
578
492
294
533
603
67
465
844
773
810
674
143
483
427
75
893
173
258
662
586
73
579
404
339
384
213
468
711
598
193
123
910
941
558
533
189
587
678
842
800
520
126
587
697
505
354
149
878
757
539
704
6
774
436
519
970
187
989
172
139
289
868
934
405
952
738
790
118
669
554
108
223
711
336
197
210
406
147
124
109
836
89
972
307
191
902
656
852
705
884
553
793
535
391
709
17
424
689
669
477
271
52
771
703
854
685
470
793
778
391
68
59
161
449
442
94
33
290
121
402
790
502
891
800
336
702
895
386
540
756
440
101
390
985
580
874
440
436
452
757
563
116
631
922
171
944
142
428
367
53
439
844
863
913
258
534
599
142
698
321
315
98
652
489
291
386
67
506
946
420
270
435
773
782
196
459
684
593
24
988
601
646
171
957
384
346
326
200
553
527
621
302
345
282
554
48
137
572
467
119
169
81
597
47
342
596
546
50
519
588
374
880
808
667
844
614
107
39
319
887
480
873
321
357
761
705
792
385
463
404
859
207
657
665
63
98
645
270
126
627
758
794
618
502
853
695
287
373
605
653
946
354
165
215
624
518
127
68
605
855
6
230
384
385
864
201
309
674
308
727
105
905
363
507
583
677
721
702
397
847
788
897
397
607
806
811
103
875
794
654
447
498
29
956
761
606
787
468
363
268
530
237
513
744
300
719
155
663
619
993
70
53
654
502
858
489
38
882
194
438
209
299
341
584
313
555
933
984
173
784
661
520
844
278
555
162
563
773
543
154
2
277
414
6
623
493
932
688
264
421
632
89
808
419
270
716
992
192
884
384
600
597
151
538
553
131
387
192
838
599
465
761
301
259
203
204
409
777
647
686
710
317
214
755
336
902
774
226
701
612
584
855
957
51
517
309
60
48
377
386
697
897
824
11
60
366
924
297
720
517
16
357
780
250
31
621
538
939
562
826
409
283
554
439
496
145
629
149
261
2
131
311
744
812
342
848
605
752
135
171
564
436
537
255
228
419
782
347
327
983
52
792
171
73
868
435
603
858
807
443
359
694
939
624
279
166
12
14
870
611
342
756
381
742
555
427
712
515
646
450
479
561
748
983
884
896
626
120
215
6
783
555
1
302
576
818
65
585
590
874
737
525
190
876
28
526
518
284
582
222
706
929
609
669
234
55
721
92
339
314
397
393
72
527
806
809
558
485
327
553
728
883
181
267
553
820
344
480
215
453
263
490
987
296
397
953
499
31
873
442
523
403
278
464
216
490
368
732
196
14
373
590
562
410
435
965
245
547
326
152
223
859
836
653
287
239
195
462
767
808
841
731
996
955
765
916
663
892
223
144
167
35
215
681
529
842
979
322
257
953
989
70
503
230
140
934
632
895
431
275
132
136
780
953
843
357
591
298
187
935
106
34
290
63
286
496
736
557
13
510
990
73
670
100
970
699
325
171
199
775
63
544
98
369
618
685
395
734
716
812
672
233
725
850
439
202
155
270
9
662
363
660
382
850
559
874
111
418
426
870
567
839
234
244
740
49
801
553
559
19
488
294
112
859
106
314
717
662
861
857
646
278
781
100
685
887
510
725
161
295
884
917
118
449
736
592
557
758
774
724
229
653
247
35
48
876
966
293
456
342
35
954
168
53
783
884
30
738
2
981
907
577
848
245
318
851
298
772
886
170
103
488
88
162
561
260
615
269
76
448
56
605
407
678
379
80
245
58
36
330
320
202
735
315
337
333
526
926
750
865
114
599
52
709
598
778
318
20
311
18
513
243
691
421
848
249
44
866
2
399
664
113
184
54
816
396
730
931
826
9
326
871
273
521
825
827
25
245
410
936
571
350
140
230
222
95
588
841
420
809
829
926
343
909
819
405
403
661
188
95
487
365
768
1
944
901
136
502
803
23
794
336
571
562
875
825
965
978
439
539
930
323
248
77
904
751
256
53
135
670
113
156
655
487
327
830
70
961
859
189
608
105
5
470
69
564
220
112
608
989
5
653
470
561
532
644
905
812
458
619
394
647
817
125
533
984
198
570
192
425
98
828
713
660
882
756
330
964
479
17
375
976
857
193
779
691
405
738
241
596
125
675
790
137
550
360
480
77
836
969
950
768
4
55
435
610
661
6
472
736
857
804
992
182
978
839
209
249
429
547
779
558
182
501
405
139
531
120
676
189
90
264
701
930
149
643
470
800
538
692
357
666
165
79
930
477
493
10
335
45
479
413
621
63
953
1000
333
752
377
771
695
14
161
894
875
180
83
962
709
258
798
489
671
763
433
309
632
14
210
144
648
742
413
241
508
980
453
478
801
417
545
112
824
444
358
365
450
74
805
539
940
361
826
106
393
968
936
652
318
27
272
193
702
167
789
298
371
19
320
566
444
154
735
724
423
582
140
95
532
647
761
340
36
762
208
467
228
926
538
238
466
194
34
104
48
199
749
590
489
859
777
23
937
390
44
766
180
241
131
404
528
744
234
268
952
477
710
860
350
57
986
333
561
861
27
390
547
12
889
552
563
930
130
379
459
856
860
548
356
995
546
197
39
765
195
184
965
265
901
130
867
912
198
756
977
660
621
346
668
515
523
985
851
684
653
973
681
236
213
21
587
911
455
469
881
327
129
292
665
928
333
90
82
351
990
875
74
64
458
687
589
141
151
15
549
985
518
384
877
871
776
576
544
637
301
492
909
382
500
657
562
610
526
889
760
194
920
42
240
118
983
730
664
285
348
242
976
748
182
955
269
537
9
383
453
31
481
471
190
359
736
158
132
311
658
956
970
986
593
977
479
7
39
250
582
108
755
485
20
790
378
245
575
432
49
187
999
481
422
174
529
754
64
57
105
334
447
867
865
65
695
717
17
603
183
424
307
538
735
658
539
64
167
173
988
684
656
641
489
637
319
88
332
266
110
209
348
94
821
924
397
77
857
706
365
280
140
100
713
977
202
104
398
651
440
188
86
157
194
188
479
623
772
348
906
109
100
513
124
703
622
716
613
166
815
517
266
173
354
126
588
244
424
432
253
689
332
133
630
937
95
699
869
17
151
256
403
375
620
482
198
624
626
507
18
609
596
6
470
348
469
905
362
233
538
958
181
29
468
723
277
475
710
417
175
18
703
339
436
966
501
405
699
626
837
952
535
132
179
499
697
76
119
995
415
65
196
880
677
480
504
434
882
911
797
69
422
599
163
475
791
670
495
273
664
806
194
423
143
599
733
330
524
954
266
357
966
541
850
2
735
746
730
86
91
318
647
422
578
633
801
380
428
779
537
58
965
153
741
536
488
824
46
870
56
288
464
770
308
148
913
943
743
125
366
657
629
477
59
929
406
150
811
868
973
957
338
738
764
872
155
624
877
769
963
378
136
930
293
749
1
281
432
196
98
904
282
890
838
469
426
976
459
638
606
247
718
317
186
168
806
931
373
137
533
339
93
797
438
78
245
179
509
729
403
71
236
887
418
209
14
792
432
451
711
184
291
90
431
228
290
57
6
758
461
755
495
316
28
821
6
444
251
45
695
670
584
652
76
936
423
880
771
408
240
460
203
713
518
548
273
629
434
30
658
779
526
102
907
185
245
633
123
694
353
600
73
316
187
448
338
404
956
775
620
656
469
956
542
707
347
617
919
915
1000
962
388
27
176
813
880
976
362
186
580
346
160
451
470
152
232
472
438
990
757
188
397
435
99
614
950
855
430
828
105
883
611
128
661
57
493
943
750
212
446
257
805
230
998
465
511
520
686
399
639
214
558
458
580
772
243
773
860
325
504
424
904
778
321
905
243
853
994
527
216
948
1
880
282
261
767
399
506
457
581
748
539
896
36
948
664
670
703
298
382
378
337
938
342
709
309
962
623
410
350
462
328
76
852
154
421
86
643
226
799
466
233
390
599
848
468
768
916
879
706
302
70
287
414
737
687
318
66
744
85
956
329
930
583
873
382
775
916
256
245
54
956
50
576
380
993
253
285
617
106
710
946
621
791
191
959
200
530
665
559
719
944
206
408
847
125
735
921
211
318
297
593
62
344
942
451
432
578
55
616
843
287
159
350
285
140
54
251
636
1000
136
853
590
300
192
610
750
948
536
549
79
903
374
209
537
107
961
19
92
203
621
276
206
193
548
704
93
251
474
45
721
1
494
515
191
186
891
95
120
295
41
290
24
311
148
935
18
49
562
270
394
584
820
912
666
453
918
591
384
616
120
826
264
581
947
151
194
766
31
827
211
526
72
799
156
848
623
574
716
457
12
881
474
814
215
185
689
940
859
741
526
918
343
855
83
338
127
798
124
152
586
501
76
312
185
877
782
452
422
735
389
602
854
740
327
772
736
354
752
342
207
172
306
339
568
586
206
628
329
457
260
219
151
51
650
941
438
901
844
694
661
27
208
493
565
946
463
392
491
59
755
402
599
715
416
115
1
130
36
127
337
93
835
543
903
861
408
864
194
597
487
553
478
827
470
78
724
307
3
662
417
789
826
603
210
871
543
697
207
509
997
976
591
328
437
821
902
461
777
420
461
347
817
50
779
808
879
141
827
589
922
416
615
102
75
525
135
618
995
334
697
827
57
342
728
881
403
876
938
109
39
895
985
147
304
353
269
16
261
525
694
539
249
167
241
3
809
730
97
749
331
654
675
634
508
176
744
946
717
435
681
691
762
39
473
106
688
586
214
883
820
17
754
585
655
421
272
55
828
167
789
253
531
792
500
321
402
15
394
337
900
750
137
51
26
270
122
664
628
265
345
624
441
505
764
318
167
655
464
497
197
627
938
771
548
305
555
732
759
363
826
1000
30
113
860
14
343
913
583
582
515
745
809
639
703
327
39
721
0
525
124
24
876
958
400
449
775
99
257
501
450
868
143
456
280
853
387
612
734
123
610
422
202
455
638
7
540
357
324
960
170
756
737
731
586
266
334
527
522
751
108
372
75
794
40
546
354
145
71
549
132
893
460
658
510
744
721
599
79
279
335
140
903
419
873
632
375
628
885
754
31
912
901
229
906
44
74
795
840
376
884
473
724
527
356
721
104
988
692
572
517
209
339
939
45
340
204
270
273
102
251
0
9
41
626
434
741
409
229
832
528
320
535
962
118
160
7
744
322
760
234
194
786
833
396
428
206
664
318
66
187
325
339
262
663
986
410
38
676
897
805
132
260
869
899
70
943
826
122
43
643
438
535
586
18
322
561
167
290
94
803
662
489
572
730
754
680
662
139
266
628
60
618
214
824
202
258
146
270
456
748
46
212
76
770
14
573
642
595
794
126
531
963
15
15
788
748
945
492
504
426
438
160
728
658
371
220
188
503
416
460
779
592
31
253
575
512
40
801
392
174
256
115
279
747
110
364
283
875
617
801
627
719
558
380
467
993
998
376
925
513
11
437
280
32
385
493
119
396
431
44
269
848
623
982
212
843
866
518
821
241
4
450
535
296
78
117
567
356
416
360
506
29
77
259
210
19
939
101
365
861
477
139
603
92
251
149
361
816
278
791
52
865
264
876
294
100
128
268
966
598
193
521
244
889
453
102
826
132
625
991
63
994
999
961
286
278
193
601
362
43
934
682
554
105
196
970
196
525
591
649
997
745
715
590
729
333
608
296
592
222
379
586
259
843
138
413
850
594
127
216
329
997
38
619
315
950
200
242
272
586
653
389
324
306
660
621
487
852
298
963
91
669
852
889
790
758
921
432
17
230
457
285
298
933
676
839
587
979
267
578
266
432
523
536
771
951
882
287
726
481
469
282
707
381
248
402
739
95
581
807
318
628
225
811
319
88
506
435
562
0
731
490
490
1000
55
816
262
906
564
391
521
17
49
314
976
245
302
270
264
62
541
142
493
605
147
440
868
515
461
509
960
539
669
36
894
930
100
217
489
873
322
828
142
854
444
895
2
874
1
515
611
223
973
524
724
368
352
417
391
720
256
840
973
114
170
519
332
189
382
261
177
731
360
807
781
941
679
164
159
411
979
16
575
740
173
759
272
653
713
242
246
271
382
817
829
783
293
634
426
469
934
196
751
23
562
554
929
615
722
645
319
856
116
517
469
376
999
793
879
54
445
517
690
724
813
762
3
240
975
255
617
522
978
695
445
493
799
656
92
476
523
850
737
303
654
367
378
616
845
314
313
322
36
328
727
983
42
551
281
252
340
34
440
976
621
490
290
347
854
396
924
585
5
621
181
627
524
540
219
306
802
924
706
628
681
441
998
617
478
892
254
564
28
104
59
393
128
608
297
514
121
222
920
21
305
678
324
532
267
590
560
572
113
708
953
795
521
713
461
579
976
809
100
156
524
77
566
880
620
577
216
588
977
514
850
694
971
587
58
54
80
677
931
794
873
10
964
419
681
634
45
516
597
461
445
51
453
818
308
95
605
339
348
256
775
995
583
186
801
633
775
735
537
601
215
780
344
685
235
477
202
395
923
639
892
593
563
989
87
116
289
659
377
373
140
717
685
312
123
945
387
115
269
790
443
284
588
546
756
292
96
10
224
702
369
6
778
899
815
366
913
558
42
339
633
183
319
27
142
260
804
113
781
477
129
857
436
572
235
437
164
804
127
750
751
260
805
398
258
88
286
645
164
116
304
646
356
646
182
695
593
238
0
17
486
223
83
533
170
866
789
469
414
8
500
9
224
621
940
428
214
456
334
187
572
465
988
962
277
319
265
494
175
591
694
610
688
759
563
550
32
163
57
93
794
811
541
571
431
943
258
639
389
559
425
493
96
286
785
407
323
459
875
55
846
19
858
389
242
492
950
264
134
295
647
342
848
843
461
513
221
250
312
447
231
263
179
903
82
640
792
64
708
8
597
780
591
282
80
391
183
686
416
677
48
664
400
155
892
286
541
553
874
401
560
306
557
531
883
895
801
123
207
330
150
119
85
276
545
241
870
163
445
571
204
877
227
857
579
931
610
695
331
966
581
523
729
494
137
553
482
148
553
551
441
795
601
365
778
516
889
995
714
362
435
213
54
179
618
233
868
891
738
100
831
855
576
558
33
482
863
709
902
496
939
340
530
305
90
464
388
437
191
115
443
722
36
52
522
868
407
543
502
582
516
589
619
89
143
359
36
873
693
872
720
805
997
108
801
643
703
90
493
401
232
350
824
638
222
534
681
973
687
35
907
567
540
144
734
34
516
339
489
533
189
79
741
974
886
370
862
693
275
348
70
442
643
596
364
193
576
51
404
682
769
707
391
109
381
602
877
421
267
770
707
48
972
393
481
785
985
984
124
454
307
708
884
101
170
482
341
666
973
688
35
870
170
942
802
58
842
773
526
789
425
226
82
316
298
284
869
104
986
836
350
242
842
704
172
528
718
227
835
158
282
861
90
695
365
140
328
473
886
994
227
495
940
851
911
214
507
733
773
12
103
143
747
493
599
68
113
32
670
29
744
168
571
76
746
184
266
128
864
145
986
0
949
341
323
73
965
26
177
641
659
353
56
825
760
830
37
799
899
252
614
421
324
514
247
518
581
22
988
559
521
31
535
841
119
740
742
357
307
806
549
723
623
759
141
336
816
992
500
889
587
726
825
228
819
965
238
675
106
116
454
318
647
963
672
955
391
647
252
815
74
700
740
843
948
790
105
275
282
528
667
907
117
991
738
979
523
329
797
396
398
585
656
842
503
852
615
155
532
751
40
300
351
846
670
316
168
619
86
147
384
754
333
26
527
385
593
119
761
520
262
698
661
200
899
838
843
141
583
63
485
862
969
818
250
455
953
655
744
446
376
337
123
719
184
412
66
629
279
306
35
322
936
452
140
599
175
365
769
883
612
986
886
347
415
748
233
922
635
655
865
771
774
961
364
404
895
171
185
475
971
734
61
305
576
282
585
608
361
18
28
277
93
732
585
915
827
432
400
601
377
75
938
466
834
908
231
29
915
867
180
527
506
551
42
35
551
47
639
342
402
81
48
488
537
227
333
748
151
745
649
824
775
439
274
254
110
855
226
977
273
591
811
128
331
833
1
974
473
65
516
438
760
169
864
816
117
159
371
992
13
499
552
273
831
431
694
374
821
605
38
434
302
705
710
199
871
728
669
296
629
752
357
416
407
698
791
701
599
723
584
652
58
265
280
922
708
700
884
473
808
407
897
562
765
733
10
816
70
935
243
403
205
954
624
658
541
57
849
534
289
938
944
645
584
675
694
78
326
522
409
859
622
766
341
412
663
771
843
283
80
798
35
176
689
532
912
508
137
534
212
607
511
223
970
398
880
887
96
716
864
843
356
463
448
442
439
120
232
437
25
737
407
216
382
407
920
851
587
447
401
112
743
273
652
852
957
119
465
859
227
338
26
418
470
958
281
810
273
68
213
415
962
141
507
854
793
285
461
783
729
795
417
234
78
61
636
878
804
507
504
991
540
223
671
577
744
240
134
914
184
971
101
3
406
199
941
0
548
715
863
659
434
220
260
678
178
642
303
421
722
237
799
978
959
51
269
526
300
134
79
849
575
895
736
710
677
60
261
283
766
891
239
149
479
419
911
467
219
56
58
427
914
930
980
40
124
216
68
283
103
464
337
262
732
692
943
626
891
162
161
265
117
55
951
850
447
752
998
752
845
457
239
924
960
331
331
570
536
56
57
155
960
483
741
583
104
735
69
315
931
478
211
726
888
371
257
857
885
425
832
798
625
455
415
225
602
812
815
324
772
683
322
621
108
774
310
449
301
836
631
930
937
218
992
140
299
290
271
926
12
490
342
394
635
432
608
858
429
280
288
417
770
219
926
432
37
646
217
925
399
632
865
776
495
241
833
463
695
174
964
679
771
528
53
229
405
515
214
900
197
590
905
550
500
222
768
666
126
76
545
402
37
984
75
868
751
226
309
29
857
582
877
771
884
77
831
308
136
78
633
117
451
152
930
968
911
372
210
472
646
932
591
501
516
706
57
929
989
157
72
913
478
497
168
738
945
759
735
852
593
602
654
212
620
287
914
338
674
42
610
674
363
256
656
273
681
995
912
862
897
826
406
638
544
368
919
29
436
821
718
99
26
798
334
540
322
844
576
820
959
893
139
303
61
13
390
501
125
89
709
492
774
550
427
104
554
638
616
323
26
75
591
985
180
421
788
192
703
318
51
522
153
821
300
64
792
170
296
36
790
524
14
478
250
225
115
418
431
382
124
675
319
814
913
8
161
758
679
927
131
563
381
917
21
391
564
271
277
890
418
263
264
339
564
799
195
967
191
701
261
905
145
909
560
235
286
607
220
892
113
529
609
77
754
719
15
619
248
31
828
576
266
286
252
742
724
649
139
563
832
347
116
539
699
405
457
493
670
942
659
384
529
192
631
561
143
565
643
233
899
804
252
733
150
832
591
284
565
916
945
49
462
709
464
814
485
57
680
557
247
271
328
663
900
856
755
210
392
624
925
59
360
