0
0
1
1
2
2
2
2
3
3
3
3
4
4
4
6
6
6
7
8
8
9
10
10
10
10
11
11
12
12
13
13
14
14
15
16
17
17
17
19
19
19
20
21
21
22
22
23
24
24
26
27
27
27
27
27
28
28
28
28
28
29
31
31
31
32
32
33
33
36
36
36
37
37
37
37
37
38
38
38
38
39
39
40
40
40
40
40
42
43
44
45
46
48
48
49
49
50
50
51
51
51
53
53
54
55
55
56
58
60
60
60
61
61
61
61
62
62
62
63
63
64
65
65
65
65
66
66
66
67
67
67
67
68
68
68
69
70
70
70
70
71
73
73
74
74
74
74
74
75
75
75
75
75
76
77
77
77
78
79
80
81
81
81
81
82
82
83
83
84
84
84
85
85
86
86
86
87
88
88
89
89
89
89
89
90
91
91
91
93
93
94
94
94
95
95
96
96
96
96
97
97
98
98
99
99
100
100
101
101
101
101
103
103
103
103
104
104
105
105
105
106
106
107
108
108
108
110
110
110
111
111
113
113
114
114
115
115
115
115
115
115
115
115
116
116
117
117
117
118
118
119
119
120
120
121
121
124
124
125
125
126
127
129
130
131
131
131
131
132
133
134
134
135
136
136
136
137
137
138
138
139
140
141
141
141
142
142
142
143
144
145
146
146
146
146
147
147
149
149
149
150
151
151
152
152
153
155
155
156
156
156
157
158
158
159
159
161
161
162
162
163
163
164
164
165
165
165
165
166
166
167
167
167
167
169
170
170
170
170
171
171
171
171
171
173
174
175
177
177
177
177
178
178
178
178
179
179
180
180
180
181
182
183
183
183
184
184
184
185
185
186
186
186
186
186
188
189
189
189
189
190
190
190
190
190
191
191
192
192
193
193
193
194
194
194
194
194
196
196
198
199
199
199
199
200
200
201
201
201
203
203
203
203
204
204
204
204
204
205
205
205
206
206
206
206
207
207
207
208
208
208
209
209
210
210
210
210
210
212
213
213
213
213
213
213
214
214
215
215
215
216
217
219
219
220
221
221
222
222
223
224
224
224
224
224
224
226
227
227
228
228
229
229
229
230
230
231
231
231
231
232
232
232
233
233
234
234
235
235
235
235
235
235
237
238
238
238
239
239
241
241
242
242
242
242
243
244
244
245
245
245
245
246
246
247
248
248
248
249
249
249
250
251
251
252
253
253
254
254
255
256
256
257
257
258
260
260
261
262
262
263
263
263
264
265
265
266
267
267
268
268
269
269
269
269
270
271
271
271
271
271
273
273
273
274
275
275
275
276
278
278
279
280
280
280
281
282
282
282
283
284
284
284
284
285
285
286
286
286
286
287
287
287
288
288
288
288
288
289
289
289
290
290
290
291
292
292
292
294
296
297
298
298
300
300
301
303
306
306
306
307
307
308
308
308
308
309
310
310
311
311
312
312
313
315
315
315
316
316
317
317
317
317
318
318
319
319
320
320
320
320
320
322
322
322
322
322
323
324
325
326
327
328
329
329
330
330
331
331
332
332
332
332
332
332
333
333
333
334
334
334
335
335
335
337
337
337
338
338
339
340
340
341
342
343
343
343
344
344
344
345
346
346
348
349
349
350
350
351
352
353
353
353
354
354
354
355
355
355
356
356
356
356
357
357
357
358
358
359
359
359
359
360
361
361
362
363
363
363
364
364
365
365
366
367
367
367
367
368
368
370
372
373
374
374
374
375
375
376
376
376
376
376
377
377
377
377
377
377
378
378
378
378
378
380
381
382
383
384
385
385
386
386
387
387
388
389
391
391
391
392
392
392
393
393
394
395
395
395
395
396
396
397
397
398
399
399
400
400
402
403
403
404
405
405
405
406
406
406
406
406
408
408
409
409
409
410
410
410
410
411
412
412
413
414
414
414
415
416
416
416
417
418
419
420
420
420
421
421
424
424
426
426
426
426
427
429
429
429
430
430
430
430
430
430
431
431
432
432
433
434
434
434
434
434
435
437
437
437
438
439
439
441
441
441
441
441
442
444
445
445
446
446
447
448
449
450
450
450
451
451
452
453
453
453
454
454
454
457
458
458
459
459
459
460
460
461
461
462
462
462
462
463
463
463
464
465
466
467
467
468
469
470
470
471
471
472
472
472
472
473
474
474
475
475
475
475
475
476
476
476
476
478
479
479
479
479
480
481
481
482
482
483
484
484
484
484
484
485
485
486
487
487
487
488
489
490
491
491
491
492
492
492
493
493
493
495
495
496
496
496
497
498
498
498
498
500
500
500
