-------------- Arquivo gerado automaticamente --------------
---------- 10000 números randomicamente de 0 à 500 ----------

227
364
178
267
367
387
104
248
118
278
207
142
178
16
363
381
121
354
310
397
405
416
256
199
139
163
398
216
455
222
332
180
494
243
326
131
121
282
234
116
89
260
27
437
183
481
128
79
31
157
241
408
65
96
74
463
154
67
130
419
165
262
303
103
322
231
61
105
63
387
369
186
5
377
235
232
454
189
216
303
223
80
377
126
400
189
54
93
416
412
230
147
358
485
83
31
336
67
48
416
148
114
219
412
126
478
10
471
486
133
380
43
219
44
199
64
345
260
22
179
322
30
174
156
242
16
358
247
243
344
8
219
360
444
352
91
402
235
299
444
233
422
461
299
251
310
377
24
496
60
183
67
12
133
391
271
43
81
296
98
156
329
76
240
87
360
215
248
243
326
466
430
303
283
24
399
218
447
394
386
469
65
26
395
254
383
135
500
131
284
4
38
473
486
207
380
242
101
12
445
116
301
399
460
129
20
147
383
273
319
344
208
48
91
469
356
291
390
66
365
287
143
440
283
201
99
137
190
455
104
138
397
143
159
378
356
280
295
252
371
463
7
299
234
227
425
84
75
7
70
190
46
365
33
205
23
168
387
452
318
11
449
467
288
101
325
87
139
47
383
391
8
484
257
349
185
67
62
265
1
481
393
250
482
47
391
75
264
397
186
399
84
160
293
418
387
354
126
445
483
147
229
295
135
490
87
494
0
455
441
228
155
396
486
231
292
40
324
372
482
338
136
343
254
93
70
190
85
222
161
42
5
186
253
362
292
281
427
428
80
408
266
212
390
334
418
329
156
348
474
345
387
74
451
192
183
103
108
470
279
277
147
156
389
267
465
194
437
281
180
411
236
279
121
20
260
417
284
488
252
482
294
388
10
333
159
500
215
403
90
57
141
57
431
411
318
352
282
56
18
404
310
340
166
283
371
6
392
342
17
468
426
495
99
269
404
490
199
11
151
330
139
262
240
265
466
202
231
493
200
365
6
440
102
353
100
157
389
135
235
241
495
181
387
228
475
187
399
148
496
382
464
34
255
165
327
44
464
287
187
101
406
142
494
121
445
399
237
116
73
261
40
485
318
318
406
350
258
355
251
175
367
119
132
246
134
436
177
309
258
428
256
76
475
211
52
413
33
103
362
496
403
233
234
3
465
264
63
110
379
400
72
74
168
156
186
32
78
499
382
400
324
168
27
191
289
123
406
259
105
91
254
150
86
432
274
86
327
20
437
417
484
28
406
331
29
187
115
160
51
492
436
240
293
388
412
141
16
325
69
292
91
90
238
310
197
423
373
435
361
206
137
98
197
296
96
340
73
361
271
176
315
124
14
139
364
296
297
315
76
53
331
11
40
25
81
429
435
277
248
443
132
286
283
493
426
107
293
291
472
249
363
360
447
18
317
277
180
165
248
480
153
238
198
168
229
359
7
227
371
256
446
262
228
378
40
234
21
75
498
141
480
159
167
119
227
236
324
391
140
17
69
199
459
83
205
93
27
184
31
284
55
415
466
289
83
42
393
118
6
119
255
309
321
474
398
32
385
22
153
367
409
45
145
155
287
478
151
288
455
343
466
264
361
61
205
475
370
430
205
390
406
179
131
188
48
375
250
327
438
238
41
274
102
477
158
217
306
286
453
169
492
247
203
198
210
414
453
309
100
121
500
123
374
396
342
393
494
14
329
487
447
277
198
346
202
456
81
408
171
211
455
308
92
252
441
440
5
78
451
107
272
70
64
298
469
185
395
324
453
131
59
324
66
383
55
94
361
95
48
98
350
328
91
128
436
475
169
159
473
481
257
480
491
33
244
184
419
255
415
205
201
378
196
166
286
257
324
167
200
29
488
384
16
164
246
68
377
440
360
222
188
144
187
360
112
323
334
435
75
24
468
457
12
17
317
258
203
3
274
85
13
159
155
424
436
448
470
168
171
388
177
397
22
159
269
205
376
290
134
249
354
240
304
280
258
410
420
269
247
148
25
186
435
419
157
437
393
401
146
197
347
166
377
220
30
469
81
17
319
407
128
456
327
235
132
68
456
323
5
278
186
15
56
489
37
180
139
458
102
472
27
150
388
42
216
373
489
394
320
31
153
45
65
481
107
405
28
304
231
50
276
126
308
137
13
499
379
221
210
211
452
100
439
297
305
107
74
270
402
445
500
457
200
145
146
424
353
48
151
263
181
99
285
465
431
37
442
179
485
70
23
22
445
167
125
340
258
83
94
380
382
128
396
162
272
294
397
290
291
445
333
455
384
177
226
438
58
293
94
366
45
423
374
72
220
222
287
158
339
226
227
273
2
42
103
167
372
455
128
113
422
288
221
135
114
21
185
332
348
253
419
354
260
162
145
448
58
161
447
385
124
139
123
157
54
466
361
42
327
385
90
420
451
360
51
45
163
0
7
62
15
240
361
429
430
205
85
317
435
422
312
60
158
169
371
373
242
495
481
393
258
146
188
140
386
314
215
468
124
70
140
405
285
414
323
293
187
496
148
335
307
140
204
153
478
246
95
127
269
157
29
0
219
103
171
340
407
440
241
259
288
263
90
335
1
408
224
486
223
265
397
232
211
310
202
126
251
253
429
195
431
327
139
295
162
257
141
387
391
298
10
462
2
268
88
69
324
83
218
160
400
467
36
112
359
407
156
378
278
375
309
375
26
132
293
216
366
52
494
466
410
69
432
399
384
28
150
495
65
331
475
108
117
485
442
177
260
273
126
239
327
236
416
383
311
407
266
188
137
5
206
246
448
49
354
60
498
228
343
35
109
488
152
156
302
248
80
431
95
207
446
342
315
239
181
262
254
362
283
225
498
107
315
174
69
87
403
5
404
251
147
151
237
282
172
296
162
383
217
269
170
86
235
29
103
445
197
226
359
344
326
104
413
253
219
413
37
163
76
57
158
287
80
312
259
421
437
441
323
27
474
355
36
401
496
400
122
172
168
38
271
20
399
253
225
188
439
145
150
201
26
242
415
428
411
54
330
438
351
181
442
160
432
339
261
368
460
148
382
402
305
54
436
432
216
391
151
41
198
273
31
474
327
289
12
159
351
292
311
196
22
142
249
348
356
371
344
430
216
41
253
88
233
309
86
215
343
131
473
317
435
3
384
249
186
365
398
314
109
455
309
388
283
344
294
29
422
232
245
75
377
156
204
82
84
6
231
418
482
392
274
229
185
66
436
65
156
376
31
193
422
371
268
438
147
429
116
204
363
212
382
336
268
48
290
463
392
306
4
272
2
223
419
27
124
296
378
465
2
250
386
425
206
243
230
426
51
135
376
131
94
407
183
316
137
159
305
434
375
292
16
52
87
193
52
385
190
388
195
110
129
38
422
427
172
370
176
397
73
133
413
237
258
486
367
392
411
419
244
423
58
199
45
355
388
467
304
48
439
241
303
370
110
240
158
152
54
187
241
437
176
357
257
491
244
356
292
234
454
310
144
230
273
332
235
250
272
421
327
280
415
485
34
266
39
460
473
436
63
65
283
379
396
448
329
491
131
362
280
474
388
150
480
369
476
254
411
112
366
203
254
329
297
334
185
429
15
285
248
127
222
444
363
311
93
213
93
46
373
71
17
188
400
94
479
480
466
159
372
23
183
94
496
437
44
387
416
367
403
227
482
34
402
218
249
183
135
419
111
457
377
355
144
48
132
55
193
167
178
25
44
417
496
55
446
116
313
494
218
287
2
161
264
199
469
175
142
206
138
111
115
260
102
89
466
265
281
175
17
164
351
420
407
247
364
65
312
482
126
326
248
456
13
319
211
240
184
224
421
141
401
27
180
212
282
119
76
462
296
149
220
165
286
373
481
161
120
159
316
336
315
262
171
89
364
11
265
211
197
179
320
88
388
263
427
493
409
350
357
341
54
344
138
4
488
151
92
473
264
252
29
315
478
228
200
346
99
426
444
103
252
294
172
200
394
62
343
98
131
100
162
25
84
88
416
492
363
53
246
349
73
162
349
44
173
340
84
308
423
159
466
68
287
384
317
364
43
84
106
498
383
344
77
448
73
210
399
82
354
156
242
327
102
435
329
99
427
21
60
292
493
59
323
299
234
199
59
74
182
306
48
470
418
207
163
422
142
213
317
462
330
333
117
273
417
77
423
457
436
167
285
448
398
288
229
142
199
114
65
45
383
417
376
185
347
353
257
483
143
19
124
233
179
174
398
197
487
130
67
298
108
263
422
170
399
493
22
326
352
337
34
465
68
51
234
252
74
107
0
441
14
333
389
3
187
227
389
236
258
154
203
255
41
324
490
270
314
394
410
482
172
185
349
22
270
319
343
223
238
240
192
192
371
263
64
42
314
115
15
0
415
13
96
35
80
45
144
3
457
260
467
480
219
361
465
72
254
402
443
327
293
5
343
496
423
145
84
412
306
233
241
93
103
357
124
233
334
240
170
333
208
60
453
82
191
320
22
83
242
420
297
430
104
293
68
252
360
78
342
361
430
91
484
247
32
144
372
12
248
261
431
298
122
214
123
415
280
115
482
448
66
416
293
199
414
60
458
485
96
165
208
436
41
434
406
111
74
113
410
252
391
466
33
121
187
304
371
477
69
352
466
325
376
68
61
258
110
394
487
121
442
488
480
165
37
302
430
433
234
287
155
8
329
148
433
428
109
133
351
257
238
376
373
131
267
42
230
15
345
313
429
433
415
0
87
140
134
368
387
381
126
173
416
253
417
18
26
457
10
476
476
117
295
26
433
291
255
62
415
301
415
238
64
269
474
444
490
473
296
438
127
489
308
14
257
396
438
412
162
354
145
426
320
35
355
178
310
377
392
123
365
361
320
191
133
482
368
414
326
364
199
252
20
290
124
478
299
328
443
273
164
488
265
472
214
105
228
78
136
9
231
179
333
165
43
140
92
138
204
439
263
313
400
427
177
276
407
384
354
273
408
146
248
114
285
368
226
168
26
439
105
169
186
212
359
131
227
99
336
408
79
220
350
211
259
228
58
74
205
382
470
373
346
170
198
495
327
21
300
442
91
392
457
12
248
278
279
97
129
118
16
236
212
407
43
14
290
470
282
432
80
172
95
122
492
82
221
435
304
413
84
15
182
133
68
321
327
201
378
231
457
31
294
471
135
485
275
128
90
464
98
169
221
419
129
15
438
496
36
243
406
270
141
373
10
221
175
482
217
214
54
211
446
73
455
244
132
479
174
59
389
156
60
479
358
444
322
42
86
401
139
357
372
52
88
2
499
57
409
111
460
264
346
316
113
27
454
329
483
26
337
294
161
269
71
376
483
133
110
404
332
219
296
160
395
173
374
289
154
233
23
168
248
45
235
278
242
499
309
478
464
248
474
483
186
138
434
43
159
139
280
55
32
331
497
194
73
271
259
284
426
134
176
4
323
373
299
92
261
429
209
252
391
0
386
45
340
319
7
331
325
234
290
11
186
385
108
326
268
481
153
181
156
334
333
389
373
339
153
299
155
280
175
364
428
404
87
362
375
365
335
105
252
19
454
197
470
347
483
302
219
272
178
244
274
288
66
434
405
80
496
215
231
196
469
423
460
283
189
140
185
404
167
306
463
25
291
300
427
81
282
266
328
2
58
407
101
327
185
75
154
8
175
426
431
54
298
275
161
375
483
99
38
372
205
322
296
148
443
454
272
404
259
158
224
54
25
306
112
394
492
379
432
191
380
195
253
45
269
497
216
425
285
87
61
27
200
320
448
467
286
398
113
202
246
69
221
444
28
285
344
394
421
418
303
467
334
163
457
111
378
157
438
78
456
270
422
402
324
415
164
190
128
228
275
240
342
246
309
14
187
283
483
259
493
18
160
422
113
171
394
149
239
300
12
403
186
5
46
271
366
285
147
217
317
373
304
47
77
51
296
326
110
480
119
122
455
269
141
118
239
417
353
369
145
448
472
200
222
34
493
64
446
367
363
36
445
401
68
0
10
34
487
403
405
57
170
205
451
191
224
176
373
460
51
128
79
24
468
455
98
343
151
280
337
254
67
52
469
64
282
219
74
255
9
433
301
218
220
337
388
402
108
126
52
318
132
429
44
100
298
309
306
366
74
91
4
430
490
463
182
175
374
164
313
461
407
48
8
334
44
171
99
433
319
342
263
421
40
394
389
273
2
208
488
107
130
243
298
450
468
65
330
211
55
67
158
493
411
342
405
321
6
26
435
316
84
266
55
135
427
163
182
393
184
27
271
335
55
355
353
202
260
130
354
7
454
34
342
297
215
182
205
185
455
179
141
53
176
443
9
416
185
262
302
154
166
393
189
458
66
2
370
123
298
188
267
416
197
238
328
454
417
275
241
16
441
44
432
357
286
93
234
500
254
128
127
300
372
245
212
466
130
247
119
252
354
138
396
328
345
45
128
266
246
51
437
408
452
54
120
36
357
51
220
29
37
153
412
185
36
333
94
66
39
172
80
468
442
270
28
396
232
485
170
387
417
496
406
94
473
405
139
396
463
412
466
167
377
60
253
187
389
185
366
381
387
106
57
79
75
374
406
353
422
383
280
7
44
353
276
221
49
16
164
16
113
74
224
405
364
359
279
263
175
292
382
72
112
111
408
104
289
479
145
69
87
90
455
78
437
260
78
381
456
365
110
78
155
43
0
125
456
136
399
315
153
494
253
299
187
183
20
126
295
455
214
426
238
407
7
345
172
488
414
494
326
29
236
288
304
303
451
97
209
114
12
461
404
342
85
344
369
420
146
366
345
248
394
441
122
60
13
160
345
126
411
233
160
341
122
369
30
210
251
487
21
351
333
140
146
161
378
62
357
446
471
78
256
206
499
446
219
399
387
119
78
363
456
37
58
7
491
399
117
33
138
26
275
204
120
354
372
328
193
27
6
30
59
402
166
57
343
294
439
401
214
464
424
253
476
397
304
368
178
438
11
162
157
467
495
166
296
220
425
12
13
479
448
452
34
30
401
466
479
346
380
121
8
70
314
14
250
249
442
62
419
53
133
24
92
204
118
201
474
198
470
119
345
205
9
342
367
98
361
258
424
226
46
217
211
446
425
341
264
141
198
137
55
82
228
167
355
407
56
494
100
373
142
478
281
247
310
499
408
405
273
202
157
394
389
171
367
60
274
283
324
12
125
53
309
328
170
255
278
320
129
430
298
384
36
190
56
56
131
431
38
55
410
475
356
204
46
341
288
436
17
330
260
226
149
94
191
476
42
41
157
361
275
232
285
193
435
231
298
426
228
377
45
230
491
430
394
297
163
428
131
73
258
333
347
462
278
226
278
442
200
468
184
347
120
73
246
482
361
249
288
147
426
312
391
371
266
53
350
214
407
59
244
159
245
415
75
155
230
333
96
467
353
246
359
269
352
120
325
374
346
81
140
216
370
405
175
207
271
460
263
369
307
28
164
310
370
180
416
6
1
400
113
347
93
66
58
231
437
285
17
77
291
458
292
477
354
261
13
254
303
84
146
212
44
380
363
126
60
415
395
288
67
328
117
453
2
49
86
154
140
152
445
318
55
463
362
72
30
299
113
353
25
184
261
19
333
183
416
63
445
96
424
482
41
458
423
375
152
306
387
395
148
391
308
442
109
156
321
361
446
467
243
192
66
493
368
382
461
122
166
294
431
148
222
464
468
205
485
73
210
258
221
154
490
54
186
88
191
471
328
354
473
79
162
172
254
212
285
47
217
294
66
194
56
259
203
289
310
171
335
207
459
47
254
287
304
401
301
248
6
483
339
134
38
230
205
176
323
419
396
220
451
63
253
304
248
166
463
223
92
94
181
185
358
485
134
383
163
318
338
159
441
240
379
308
48
79
311
456
272
28
458
238
15
125
46
142
342
28
258
416
471
311
51
146
319
62
208
23
493
313
255
94
331
227
98
404
59
228
433
481
189
188
368
416
366
393
195
276
296
16
51
322
459
281
135
179
287
260
232
62
297
311
398
475
473
339
11
98
408
467
470
321
229
488
494
48
22
57
54
241
126
235
58
482
96
105
411
454
481
175
230
56
223
29
352
372
451
37
235
359
369
91
8
288
315
75
194
311
450
247
241
432
46
101
137
324
497
171
461
356
468
185
74
495
187
187
102
338
446
252
428
167
488
368
335
360
466
115
150
331
275
125
453
132
364
316
138
339
370
221
314
255
168
198
238
177
102
264
416
147
379
444
223
419
196
50
62
90
380
384
155
159
218
46
77
257
10
53
365
240
154
82
259
84
420
415
271
106
386
357
40
82
280
189
362
388
108
40
239
334
140
470
210
390
80
160
411
463
145
230
252
270
368
334
162
495
459
193
166
331
352
74
145
155
232
418
91
403
104
382
313
428
406
352
55
204
185
123
175
248
378
230
161
243
88
87
499
79
240
179
238
269
112
293
301
98
48
178
472
291
85
356
110
444
226
325
45
312
395
450
162
150
21
479
361
469
141
5
157
219
179
281
364
238
363
431
447
320
13
278
239
310
275
428
162
418
373
91
437
314
350
468
419
450
267
472
148
430
410
412
442
435
437
146
245
473
207
112
189
374
136
236
304
358
437
334
250
385
15
149
256
176
486
481
304
212
370
145
163
337
373
123
375
409
167
13
288
85
71
82
292
357
187
112
54
128
382
433
374
373
162
126
116
440
49
470
79
80
496
197
319
170
242
402
400
495
300
61
500
279
434
261
273
133
247
102
317
107
148
23
134
492
472
410
89
247
165
260
153
415
347
19
197
370
333
132
177
389
33
88
265
254
150
282
180
178
70
313
91
459
483
415
47
206
49
212
26
373
96
267
66
442
190
310
46
498
319
326
21
48
359
246
348
105
313
218
479
276
186
280
220
23
228
168
305
190
385
437
451
301
100
415
164
227
150
42
257
311
158
382
164
281
291
331
330
412
6
12
380
357
309
146
314
219
262
139
162
411
266
485
375
324
222
148
259
419
438
402
418
56
442
439
182
312
147
366
490
324
286
62
245
135
241
386
362
278
356
178
73
247
329
357
461
460
415
382
441
80
64
41
373
154
429
214
470
32
262
20
111
355
351
328
236
431
118
383
131
400
70
368
431
110
362
428
351
322
360
15
424
266
258
53
95
391
463
168
162
238
274
35
26
155
425
43
495
284
99
84
195
251
325
187
288
353
201
314
329
380
366
402
266
209
112
292
76
207
89
180
77
263
70
17
281
471
67
477
74
228
404
256
43
369
15
451
216
404
162
121
168
395
460
142
136
233
409
393
19
21
329
56
381
392
71
471
75
138
474
24
175
403
338
47
307
401
291
422
136
241
54
290
43
224
322
64
211
38
482
140
288
425
132
26
241
401
428
206
318
215
167
109
112
32
374
455
305
272
139
459
12
285
237
90
148
94
390
26
332
225
461
279
429
94
471
68
473
123
284
225
443
417
198
186
347
246
227
269
487
416
363
100
299
158
254
452
365
463
323
430
85
148
48
186
198
378
148
257
436
151
234
247
94
436
7
16
230
303
262
228
408
211
142
143
488
370
488
197
136
336
134
281
115
49
219
242
154
85
221
409
392
317
82
460
346
326
22
79
351
119
103
152
136
449
474
436
145
353
189
344
402
467
178
215
139
18
424
282
7
210
151
260
393
32
268
150
7
245
145
473
290
214
357
249
158
19
430
189
336
185
248
91
465
4
315
96
416
205
207
25
29
78
61
450
107
199
394
310
224
289
24
227
275
459
33
441
489
141
76
438
240
162
66
357
210
459
407
32
150
138
353
334
218
209
225
8
192
453
396
388
179
188
186
355
244
496
69
74
272
48
196
64
445
35
229
491
474
442
270
261
430
260
435
426
307
345
173
191
337
210
293
20
329
303
450
35
249
203
61
438
351
225
160
242
165
140
236
298
257
206
200
441
260
375
143
438
475
417
248
38
393
107
126
362
485
276
478
80
341
343
333
398
311
333
113
392
382
155
271
252
370
435
191
15
163
7
9
188
440
489
66
289
116
424
193
443
421
456
320
11
270
485
249
314
477
200
316
71
419
4
341
243
404
101
237
313
156
194
425
41
489
62
156
24
276
202
473
380
364
256
120
142
130
128
317
382
430
10
291
409
429
185
138
25
125
63
335
418
491
211
41
473
135
415
246
156
154
310
364
63
223
16
75
69
384
121
62
202
434
294
378
436
340
157
303
465
470
248
46
274
312
428
474
465
497
35
277
407
356
222
109
241
221
272
23
149
23
459
196
46
168
96
330
484
184
479
156
457
192
311
30
88
310
405
376
389
498
338
228
368
285
272
9
336
497
92
60
122
142
450
29
367
331
500
105
209
149
236
335
169
110
136
159
440
39
339
332
193
75
469
497
73
210
284
360
363
374
22
282
236
165
494
473
215
82
30
414
201
498
193
140
204
286
46
277
460
244
249
116
81
462
386
68
127
202
281
150
366
372
104
293
251
156
193
236
185
337
432
461
220
498
20
40
55
4
378
118
209
342
31
7
1
212
68
459
108
160
260
244
460
324
272
114
231
130
124
141
16
155
329
478
488
174
465
393
29
233
15
109
377
165
469
236
375
306
468
498
295
261
49
79
368
39
304
323
422
411
398
384
448
258
239
166
169
361
369
60
172
351
255
272
408
355
146
229
386
496
75
342
117
448
13
79
318
323
410
369
436
189
428
385
234
64
264
191
331
291
380
262
435
117
179
324
487
21
315
485
253
476
14
101
239
110
287
368
455
486
120
374
38
207
191
388
201
195
328
94
140
495
486
296
90
425
320
114
188
62
134
255
71
321
483
442
336
48
169
156
91
271
72
84
446
353
215
95
420
454
132
495
33
278
19
265
124
257
95
487
208
479
392
357
379
213
227
305
243
127
495
206
238
12
73
75
31
120
87
77
427
258
397
215
114
441
480
428
399
213
64
232
299
363
84
268
309
195
349
85
330
480
190
462
449
170
331
108
265
260
375
214
347
328
57
200
295
113
311
277
269
228
384
258
250
384
495
137
189
240
419
193
466
144
329
267
230
130
217
491
289
26
377
410
271
318
32
353
110
90
13
18
250
344
161
33
115
182
113
307
249
318
408
326
486
225
305
481
248
132
432
309
15
119
19
111
292
462
389
160
104
21
448
24
354
459
470
298
197
280
54
497
33
36
168
110
476
272
57
177
80
200
453
211
361
464
63
296
75
122
383
255
83
88
493
412
236
343
255
37
282
138
326
21
133
19
6
226
80
434
433
42
304
211
377
42
453
208
224
69
73
406
131
248
447
299
119
387
295
141
176
455
414
486
355
149
406
141
21
115
107
28
32
28
353
445
87
15
18
38
357
452
253
410
129
486
418
19
335
441
292
177
65
244
372
38
335
246
24
465
78
450
161
455
497
257
457
41
272
252
9
199
42
284
231
280
454
133
65
138
50
39
174
195
103
52
494
243
346
80
217
297
260
449
352
243
9
436
118
462
16
344
347
130
492
76
190
147
17
113
484
425
34
467
199
160
320
304
391
420
74
130
137
452
219
402
222
175
233
482
430
295
277
64
460
21
364
207
188
143
269
404
281
62
92
123
496
38
89
444
47
420
0
329
135
129
498
103
72
78
0
198
131
365
419
64
413
211
116
339
484
36
211
464
472
117
40
221
397
355
464
9
70
423
222
319
185
6
278
446
459
419
114
373
300
438
356
496
91
63
67
432
33
433
99
220
404
151
164
487
266
454
215
173
32
25
239
352
226
427
316
446
63
326
229
477
31
438
49
90
483
155
465
193
234
363
455
214
101
327
227
451
315
349
482
80
499
458
375
229
342
315
304
427
325
164
48
241
229
309
80
449
481
427
2
414
344
436
28
49
413
89
212
16
150
472
136
170
148
60
409
157
186
192
471
135
364
284
104
85
148
115
80
274
328
423
375
476
401
125
53
6
67
397
128
136
333
46
239
287
298
195
336
96
461
419
31
264
179
67
147
461
297
20
257
33
51
232
255
233
315
357
210
449
497
8
259
238
165
349
472
22
54
381
347
301
115
27
434
384
430
426
297
279
90
41
246
372
57
266
331
91
472
256
397
147
117
43
275
273
247
62
157
360
110
369
188
361
151
279
180
337
444
306
346
225
114
149
356
421
458
250
3
437
473
432
429
165
108
408
257
12
216
93
0
45
141
436
235
417
352
334
455
240
94
414
336
431
152
413
78
347
299
283
122
263
183
156
68
380
140
180
332
463
327
146
188
498
401
129
443
376
141
366
70
463
129
471
265
313
284
499
275
310
293
111
429
420
159
109
484
69
118
146
246
283
407
65
181
196
116
2
267
66
124
313
217
225
367
396
56
456
43
422
409
185
171
494
7
54
89
8
265
432
107
300
283
321
429
431
374
141
341
487
474
140
219
69
48
414
125
295
448
464
383
445
387
156
328
21
185
146
145
285
390
363
274
217
101
385
208
131
223
498
147
56
395
144
271
41
48
12
250
126
95
82
426
218
489
84
61
13
474
17
130
432
253
432
32
176
201
172
184
244
200
345
224
26
74
123
470
432
494
259
352
419
382
292
48
301
414
257
346
369
176
420
485
360
124
382
195
121
299
406
393
370
235
80
332
129
376
357
269
353
193
410
174
152
188
178
499
208
129
405
242
266
55
346
341
454
424
70
49
132
64
364
461
0
251
199
454
222
242
404
348
439
346
500
170
226
85
266
91
295
118
106
278
315
409
450
226
111
194
436
227
258
294
392
73
121
163
242
222
35
381
13
71
279
391
175
441
307
290
390
430
183
419
449
281
30
458
384
296
266
376
137
495
344
403
70
194
106
219
318
368
295
357
357
276
107
493
300
398
265
251
261
456
58
300
340
388
19
396
25
185
365
278
494
312
442
168
328
277
63
315
358
401
138
413
116
10
308
277
132
26
19
16
87
56
468
0
318
13
17
500
151
426
74
101
330
339
251
233
479
480
242
168
388
335
145
127
402
359
411
187
5
125
438
475
146
459
234
352
3
28
364
139
201
243
480
411
386
449
152
122
205
339
132
432
72
390
177
67
20
7
198
97
103
161
179
379
383
437
161
429
64
87
306
360
242
116
481
432
132
432
484
315
478
253
399
424
271
453
329
90
78
102
2
38
473
80
47
265
228
101
333
388
337
227
284
388
70
11
177
494
123
467
428
12
141
365
476
73
74
349
416
304
425
107
381
460
147
492
77
352
204
439
188
56
167
315
284
149
223
374
214
349
278
35
145
248
453
35
262
466
179
279
362
466
181
488
499
315
481
66
373
135
467
472
215
185
178
56
144
266
363
16
129
360
223
94
6
201
312
239
491
335
419
118
89
319
133
74
123
447
366
49
148
218
179
408
407
255
293
78
214
36
133
304
384
322
499
439
355
328
379
485
407
181
169
383
332
42
184
335
334
315
426
223
326
22
277
415
338
415
383
333
433
403
75
212
405
159
137
98
322
218
203
223
417
343
420
38
190
470
428
27
318
494
38
25
278
290
93
382
268
459
177
320
304
424
295
166
67
479
343
382
172
259
209
500
32
149
433
227
87
374
23
249
174
290
121
84
418
220
377
297
341
221
335
378
253
177
187
304
448
46
493
497
274
257
429
89
250
84
110
108
26
265
217
166
275
352
21
135
173
363
148
128
314
488
248
68
136
476
159
469
476
323
312
36
13
164
108
149
28
500
413
338
195
301
383
102
140
433
364
188
33
170
218
66
425
78
256
332
151
233
175
146
399
447
347
314
115
456
75
330
437
311
256
440
138
406
251
303
373
362
278
498
286
301
35
251
469
458
112
297
124
155
5
391
390
22
68
55
179
154
210
417
361
76
467
45
22
290
352
94
100
185
91
45
270
61
207
391
321
494
89
298
485
80
106
179
448
111
77
422
88
245
421
181
431
227
188
36
488
154
431
192
495
34
400
370
82
391
81
339
395
10
344
92
312
128
163
11
202
12
426
435
169
214
486
250
242
444
364
296
328
63
99
137
271
360
91
113
87
456
259
339
42
243
177
22
374
11
272
193
16
259
25
423
428
269
411
197
20
500
180
124
493
4
145
435
36
448
2
430
77
282
183
195
413
76
57
371
455
177
316
356
240
407
434
427
328
399
375
414
381
407
71
13
196
72
136
22
368
295
285
117
275
23
145
140
470
437
267
168
442
63
163
156
499
15
480
344
135
124
470
409
242
345
174
307
87
414
172
204
229
466
393
112
213
229
349
375
497
221
335
179
443
475
374
245
162
218
261
35
283
96
10
181
321
124
378
280
21
487
390
428
104
124
46
432
226
298
422
11
235
384
79
121
146
56
466
358
72
175
220
177
93
383
135
262
86
417
288
277
137
108
421
12
261
0
312
17
47
146
233
267
298
306
192
35
9
134
399
475
441
156
129
313
216
348
498
62
270
43
55
335
59
58
68
470
206
54
127
5
29
294
397
8
177
50
433
140
139
182
169
92
50
8
365
435
482
211
229
157
301
5
130
79
133
202
455
299
491
342
243
137
241
472
67
283
282
198
354
102
29
348
90
285
346
471
344
462
179
228
1
362
82
107
101
369
40
231
371
336
275
4
343
376
375
371
197
495
355
281
421
284
227
420
447
427
326
153
35
294
8
277
359
261
206
294
222
459
463
105
350
349
442
62
38
130
113
369
75
304
379
303
108
156
363
61
87
412
322
355
95
254
227
307
155
29
474
328
286
404
348
382
225
202
461
265
115
221
253
476
96
390
380
377
182
435
360
254
375
291
352
47
86
319
448
232
239
176
370
452
174
255
243
18
352
485
111
488
340
417
278
201
266
479
471
411
203
135
251
249
86
435
101
439
99
282
131
396
23
357
98
373
9
214
495
51
367
490
411
490
53
239
492
152
213
470
41
462
451
109
192
218
182
87
204
204
157
448
497
4
292
368
70
4
222
107
217
232
95
120
384
436
320
82
308
89
226
316
190
344
76
483
307
451
13
200
436
315
306
492
123
126
377
193
182
248
233
316
177
302
472
178
84
263
102
84
355
140
473
265
284
172
186
341
233
213
367
162
190
11
251
99
197
398
98
467
76
298
292
245
195
485
395
75
441
336
500
99
497
46
293
101
35
173
385
62
287
168
267
305
115
136
137
47
230
330
44
18
434
15
197
34
157
348
335
164
339
449
7
377
422
19
158
250
196
154
260
134
272
199
313
310
283
368
164
292
155
17
390
76
237
12
151
300
348
144
101
248
294
103
101
368
145
398
477
119
278
4
345
143
193
57
275
137
291
40
76
4
152
491
304
37
69
107
246
357
152
14
140
201
101
382
85
244
316
418
19
330
358
115
220
472
375
150
260
348
112
386
225
109
342
231
118
173
141
478
361
478
270
435
243
313
86
359
4
286
454
22
486
176
205
318
399
432
436
413
347
219
391
110
39
284
467
262
360
370
357
171
410
130
101
256
15
407
333
348
322
221
235
48
436
436
218
219
82
119
217
326
71
495
12
132
305
207
196
231
304
76
87
326
35
6
124
245
21
264
494
444
455
185
451
176
312
465
416
114
428
420
48
497
113
401
70
418
83
243
394
22
109
286
256
497
104
280
200
231
180
48
84
146
5
417
25
41
150
376
48
499
220
278
453
394
327
338
148
210
452
156
292
374
493
201
108
186
441
158
111
233
342
249
141
262
398
29
469
94
91
470
183
404
33
319
219
163
254
70
232
127
404
6
359
22
496
489
81
493
344
391
276
453
117
182
79
441
452
31
101
349
318
293
465
115
50
274
399
71
203
85
184
389
35
67
318
99
252
405
317
199
358
348
472
2
396
470
147
171
341
197
233
173
81
177
354
454
387
254
155
295
63
207
114
154
163
160
378
72
154
268
33
482
306
53
449
490
342
337
386
453
272
408
389
445
113
414
252
419
296
306
55
345
196
132
290
30
231
298
361
415
218
111
317
331
318
21
77
341
93
398
408
186
25
343
454
232
159
139
366
163
143
82
219
58
301
477
449
389
127
470
274
73
377
382
482
315
428
55
128
485
461
251
401
201
213
415
122
371
138
372
498
324
22
38
151
10
376
466
175
126
310
482
32
179
223
50
152
44
348
115
75
19
29
304
0
23
176
281
279
50
403
285
19
443
387
486
171
467
378
412
399
237
99
197
414
59
152
324
109
33
94
374
306
237
310
432
115
37
60
119
422
307
167
328
52
486
296
454
43
16
490
344
468
85
246
340
115
210
240
246
372
468
304
342
337
143
20
95
369
148
57
467
24
256
482
111
87
444
199
378
443
256
342
139
103
218
197
437
304
358
496
370
334
110
112
468
182
335
403
291
490
38
339
61
444
486
427
162
290
304
346
330
133
126
340
334
151
383
125
328
296
457
114
113
85
423
15
261
487
348
448
475
89
462
348
30
248
231
340
392
254
85
467
137
230
79
434
174
499
368
409
308
455
278
101
427
63
493
263
413
323
133
404
310
357
404
97
297
108
146
224
486
191
494
80
480
145
383
253
358
282
253
377
94
219
212
387
110
392
0
491
441
228
263
425
392
426
232
53
363
105
135
483
467
77
402
320
399
165
3
444
260
228
241
485
177
104
367
67
230
268
453
159
75
411
244
245
48
141
477
249
283
353
311
342
451
471
190
151
314
426
144
348
95
64
184
305
488
81
418
402
426
339
202
190
166
480
70
27
345
478
122
19
27
288
447
293
333
47
431
87
148
277
82
399
67
86
414
387
461
198
486
166
313
340
263
429
342
290
137
464
446
406
22
208
305
251
371
35
386
45
399
317
500
69
433
113
190
468
500
209
392
48
14
265
16
208
380
83
451
94
124
310
441
115
288
477
230
18
79
160
318
194
447
323
402
35
469
290
139
305
354
284
481
246
193
199
318
276
178
187
453
327
274
163
458
207
359
360
241
130
254
74
228
287
232
396
386
376
92
314
489
381
235
35
366
498
356
312
182
107
23
68
396
132
114
175
67
238
8
161
95
366
71
445
288
253
245
169
155
437
124
145
220
135
86
138
138
432
199
124
116
203
240
94
81
87
318
21
211
244
280
339
112
67
117
96
287
105
237
264
17
87
0
440
139
134
326
357
89
39
449
442
456
117
304
404
60
163
49
280
113
95
144
498
13
103
333
224
446
152
452
495
452
179
47
113
78
491
411
86
156
80
366
304
462
160
111
203
53
80
147
347
31
345
290
360
221
149
374
24
56
336
245
411
456
216
372
235
468
285
374
416
139
387
468
472
324
26
490
243
206
450
319
247
472
164
423
341
299
397
190
392
169
64
474
382
226
112
364
166
454
163
174
375
360
147
38
256
255
243
25
405
304
49
182
472
229
254
172
365
75
59
298
305
342
198
79
68
159
405
330
18
168
487
208
472
68
24
390
94
485
338
390
201
35
373
295
223
154
357
268
31
155
52
20
270
429
7
174
395
200
297
435
334
260
94
404
137
302
315
171
264
329
28
491
140
212
83
293
185
236
232
334
0
143
484
410
450
457
298
44
165
442
397
79
349
82
422
267
230
30
430
393
347
180
395
360
251
56
465
264
455
180
258
185
261
212
319
165
334
8
260
184
188
134
79
57
491
152
208
196
199
181
123
283
272
65
82
111
465
448
44
483
235
282
217
499
368
170
333
196
384
474
466
483
49
201
256
387
457
14
41
41
302
254
361
338
437
353
248
393
430
465
481
400
463
47
466
236
268
108
16
446
450
284
364
468
395
360
14
208
495
122
303
439
474
64
400
213
353
322
11
423
402
412
73
181
164
139
51
446
141
303
5
382
386
289
149
408
332
30
454
85
47
370
125
343
7
295
232
59
118
92
154
499
351
114
316
326
18
12
454
58
311
422
462
458
223
85
400
2
118
120
343
363
344
412
34
120
396
450
293
445
227
172
351
333
369
474
101
306
417
432
22
310
181
20
483
20
291
13
95
181
236
310
245
450
349
104
381
96
471
366
258
222
369
151
350
398
293
282
174
231
174
412
33
433
233
99
215
436
124
344
367
224
454
243
248
129
172
253
408
154
447
372
89
488
375
458
241
331
406
30
248
151
44
17
208
444
279
146
233
143
64
394
149
262
311
438
353
85
44
237
140
253
290
242
449
236
388
43
382
61
74
260
377
276
359
348
94
455
82
283
391
201
190
67
83
70
82
124
488
425
305
156
138
56
469
322
343
86
171
392
177
306
483
121
483
116
215
154
400
102
167
149
172
228
388
336
291
20
158
64
216
415
447
416
93
202
269
441
142
486
406
425
20
7
281
6
161
86
50
121
439
477
293
368
274
136
284
385
175
316
177
7
26
235
378
270
281
170
284
480
329
465
110
496
74
388
356
110
359
204
18
14
61
177
353
271
444
215
80
209
63
368
271
419
77
192
40
75
347
307
192
497
116
116
60
54
482
458
258
348
344
60
489
26
156
383
175
184
263
263
440
131
393
479
130
82
282
181
241
35
207
447
426
263
307
153
331
342
398
375
241
173
316
109
104
474
141
258
24
476
497
102
91
489
250
171
137
449
341
118
61
114
281
448
193
309
6
400
79
67
456
33
462
263
274
476
218
190
66
426
477
445
96
96
469
272
439
43
81
407
378
387
484
192
357
48
361
438
337
137
209
85
82
470
49
110
48
359
122
6
152
492
11
184
258
339
39
176
398
32
446
264
15
237
384
169
242
168
417
245
19
134
23
301
449
276
83
461
91
159
433
470
229
376
488
46
175
332
190
357
408
228
262
392
25
438
202
46
342
14
333
50
424
279
262
96
48
67
183
454
424
8
232
350
95
254
61
344
325
307
308
323
395
317
324
381
474
411
489
438
21
121
238
382
255
137
360
203
429
209
17
40
73
479
142
419
266
227
244
148
433
87
418
325
15
336
160
66
405
359
388
91
95
227
241
136
210
106
112
127
258
362
153
408
219
184
410
254
179
154
422
308
5
69
236
345
357
301
414
63
270
101
480
316
162
59
66
498
27
28
63
13
317
494
367
432
270
382
142
314
489
212
247
338
265
218
310
94
397
156
222
200
408
195
90
170
308
209
87
296
240
364
268
51
332
269
496
340
180
141
87
299
114
331
495
15
158
478
78
135
89
94
235
447
8
474
419
336
340
419
183
155
314
86
67
66
490
120
284
443
207
281
304
257
96
152
288
92
273
174
241
222
461
432
152
468
150
139
165
459
475
214
482
285
281
154
216
421
4
422
258
72
125
409
101
9
466
323
44
491
328
318
317
279
85
391
137
474
291
289
218
200
17
443
418
348
460
168
263
94
401
169
347
327
160
449
164
52
431
89
301
73
70
188
259
373
65
395
257
159
95
217
328
9
224
398
215
447
455
139
64
320
353
194
296
271
119
9
425
288
308
479
483
424
480
24
253
288
124
41
44
424
223
143
355
338
453
127
380
198
483
429
40
390
213
401
39
449
493
22
351
454
42
255
312
455
163
23
89
363
248
93
91
481
441
25
252
102
462
35
148
187
455
46
28
294
121
67
396
107
225
460
259
416
206
225
183
268
16
200
439
428
144
150
13
465
467
237
379
48
250
471
223
228
426
124
433
260
27
131
484
230
26
52
295
408
335
332
408
86
116
25
475
6
273
65
191
412
102
336
269
163
329
317
156
285
279
495
189
101
81
58
177
12
287
116
407
108
5
342
413
198
362
461
403
351
201
44
124
38
383
232
263
199
479
63
287
184
277
458
37
31
409
190
297
177
282
357
21
430
494
50
325
470
323
496
54
265
245
288
92
108
244
174
89
5
480
436
127
240
81
126
100
489
497
187
345
216
292
298
204
392
427
102
265
358
124
86
439
19
485
498
152
73
464
392
288
490
336
444
234
423
436
491
21
164
491
432
472
223
215
192
253
223
255
78
281
23
31
365
63
490
270
217
443
380
377
45
114
364
423
14
302
197
283
301
174
78
90
36
489
141
321
22
43
24
234
190
453
410
52
223
480
479
389
293
333
221
91
82
257
25
416
301
280
130
281
392
419
109
113
314
87
124
66
11
310
166
468
480
184
444
497
443
349
191
197
382
388
235
267
421
47
495
151
65
145
193
42
365
419
287
379
98
421
57
4
239
422
257
461
427
138
181
66
180
493
168
413
111
417
183
351
279
4
456
241
484
499
323
247
198
20
296
301
287
318
171
1
234
340
84
236
490
360
102
142
239
446
391
409
280
67
492
160
58
74
361
374
287
296
181
496
213
450
47
280
457
130
338
89
183
335
133
199
97
328
331
95
241
237
50
108
453
51
102
402
168
496
416
387
320
161
175
264
202
44
135
294
237
11
205
320
127
362
332
345
90
376
15
57
301
460
32
185
351
122
411
59
371
344
345
12
422
75
159
104
438
333
390
62
1
500
5
298
260
471
367
190
56
349
120
223
339
285
42
92
387
213
500
186
71
460
49
406
496
152
173
471
90
388
354
143
18
341
212
211
226
356
211
42
421
381
378
71
174
272
206
127
252
56
463
81
380
33
303
321
146
307
89
14
261
257
284
348
242
351
361
6
4
202
266
6
153
113
450
414
252
141
294
124
127
218
291
157
389
353
325
335
247
214
60
264
187
196
142
357
11
2
473
350
61
421
171
88
232
60
411
98
385
57
438
130
458
386
87
111
448
447
416
244
317
211
375
276
307
222
73
401
153
324
151
475
341
162
243
258
478
199
10
280
140
413
225
246
126
31
92
114
409
380
185
475
363
463
354
410
494
466
370
120
268
237
18
290
482
7
344
393
148
127
253
346
497
102
21
187
153
363
50
273
371
460
114
411
243
80
160
94
410
84
209
274
359
20
325
157
170
134
362
146
400
267
210
174
380
35
427
495
299
137
368
332
142
83
225
276
14
251
416
450
32
493
85
92
213
152
407
162
476
203
381
215
10
114
449
42
232
432
204
244
213
258
374
465
227
246
51
142
298
62
197
154
268
145
297
496
342
28
69
302
18
472
214
302
461
10
172
347
457
67
347
397
232
237
372
239
479
215
477
264
376
346
360
182
29
123
360
474
410
115
308
441
143
80
364
423
279
1
221
500
153
295
379
380
216
201
47
205
81
333
393
287
69
216
5
261
380
303
479
51
259
180
201
137
219
121
102
209
272
434
47
392
449
51
284
68
276
496
154
169
415
232
215
269
74
384
244
214
132
304
446
428
391
213
408
37
139
105
254
44
232
151
57
241
156
382
404
274
53
93
67
49
492
218
442
111
101
151
370
34
298
272
344
457
300
442
73
357
461
438
292
424
32
188
399
295
26
429
224
340
150
355
375
447
327
30
110
248
197
432
337
57
200
200
199
48
33
272
354
190
4
353
434
173
486
48
383
421
33
192
418
19
328
328
303
51
63
290
30
283
410
219
128
162
214
349
412
390
85
325
84
166
93
308
52
118
53
225
121
12
61
277
453
211
387
413
205
495
326
305
163
133
99
325
447
39
170
403
135
130
17
418
303
410
255
71
295
143
336
91
14
77
84
392
20
217
311
64
390
49
75
82
269
116
100
285
36
491
95
25
202
108
172
116
470
139
40
93
54
177
403
248
213
121
265
95
1
117
326
107
250
34
420
433
227
279
49
341
67
304
449
399
493
282
103
493
487
18
73
252
135
58
409
239
454
197
49
30
242
157
235
331
477
276
184
306
91
180
26
284
433
154
116
376
87
220
345
448
433
167
484
397
27
360
62
4
83
285
162
419
406
260
174
473
77
84
465
431
84
186
160
421
71
83
173
149
379
306
430
495
366
457
286
300
123
332
359
172
224
318
359
46
79
49
381
440
2
500
163
474
89
434
260
114
481
9
182
24
213
226
461
371
314
166
404
119
29
33
429
102
153
286
98
486
262
494
137
456
30
286
482
485
69
70
406
215
486
310
474
457
482
434
180
344
97
197
410
21
338
350
144
283
278
231
437
345
82
318
230
184
299
3
215
336
462
429
372
332
465
171
245
434
250
406
381
323
339
399
388
340
488
454
107
432
85
100
104
216
377
30
343
27
345
23
209
268
281
214
184
190
70
288
353
142
332
356
271
220
52
444
269
133
90
141
116
250
468
463
322
185
30
461
437
395
11
379
114
355
210
104
49
407
400
61
197
475
177
3
201
329
176
76
36
262
81
369
286
107
245
70
20
12
181
444
97
142
377
353
308
109
95
411
193
283
445
415
318
55
154
302
362
448
162
397
419
387
96
400
155
385
322
335
88
386
395
224
352
266
69
106
131
265
218
108
255
48
448
67
52
112
422
219
48
308
293
30
175
476
419
431
166
254
39
352
232
106
4
18
446
222
334
288
41
176
477
197
388
126
313
230
152
380
230
214
442
456
290
335
382
222
421
297
397
336
404
96
368
81
135
78
117
276
233
225
44
178
74
186
432
88
411
225
477
89
9
285
432
451
394
471
346
5
288
173
436
93
27
192
426
241
140
118
44
479
105
78
82
18
127
156
227
362
458
270
419
247
395
455
210
37
483
22
200
477
271
365
487
312
445
332
377
44
23
267
72
153
181
56
447
281
265
420
315
175
270
479
97
480
315
72
170
368
419
7
168
460
213
57
349
340
118
275
195
389
212
393
96
37
402
117
361
383
429
289
496
218
89
479
334
182
12
79
289
439
206
397
281
450
333
444
424
150
338
486
48
89
91
426
475
158
191
479
133
49
395
211
269
287
300
17
136
7
360
45
369
91
334
286
214
461
76
52
61
162
316
373
422
305
382
64
349
377
432
363
206
118
