239
151
434
189
248
288
358
94
402
89
326
430
412
250
2
28
180
131
457
15
110
252
378
185
484
36
207
463
330
131
37
450
1
269
226
417
10
84
105
349
31
37
372
445
235
17
81
201
480
450
311
155
403
106
343
16
333
23
286
367
93
67
359
406
450
374
121
131
38
40
474
430
271
115
349
351
271
300
309
282
60
408
186
161
38
262
141
492
45
308
254
158
84
241
104
260
150
142
124
353
478
315
6
230
209
265
235
481
3
273
201
408
315
284
39
61
282
74
180
316
303
287
164
437
475
206
399
171
471
62
484
420
165
461
229
199
14
274
213
476
207
416
3
50
124
118
353
77
492
6
469
462
438
312
414
114
267
200
461
56
165
194
460
247
212
49
185
40
280
344
233
400
463
353
215
377
398
210
11
317
91
179
493
61
495
472
335
377
500
424
449
324
437
424
163
498
269
429
376
318
487
400
306
67
238
355
183
66
75
146
486
430
280
108
70
246
286
242
89
391
395
279
432
74
116
63
60
261
110
472
397
332
243
317
357
143
213
89
82
452
376
263
298
87
133
485
271
110
462
285
149
343
497
178
301
426
312
170
256
356
114
190
20
170
406
115
65
177
431
46
206
320
19
103
101
434
177
410
242
115
331
354
365
489
484
346
319
360
439
231
11
445
120
81
234
28
231
74
1
171
157
453
378
317
178
99
208
337
354
152
397
98
479
121
375
288
13
179
350
430
182
70
251
232
409
119
190
189
368
88
244
100
362
394
439
2
434
248
22
363
475
120
264
19
105
93
332
306
448
79
228
224
384
101
40
237
21
458
132
33
429
146
340
194
115
140
395
242
162
223
459
328
51
363
177
24
418
475
468
199
391
136
70
194
339
327
329
159
2
278
231
214
136
96
454
421
387
178
308
278
470
29
203
307
111
24
388
493
484
322
492
453
337
491
447
12
8
166
170
36
217
365
153
115
33
287
341
500
0
498
146
363
40
49
229
454
410
81
245
189
156
444
88
208
141
74
292
17
180
275
186
289
94
48
258
192
32
429
65
96
222
3
405
338
285
406
167
297
103
265
99
355
219
75
459
106
359
27
137
194
231
219
496
282
167
409
335
131
36
412
10
320
55
4
368
276
405
232
190
356
83
320
224
178
317
31
238
216
391
210
77
257
414
116
441
290
307
73
165
403
376
308
386
378
97
300
183
291
491
229
221
213
287
399
224
208
377
414
221
196
251
204
96
4
442
136
471
184
290
273
385
67
332
60
19
292
416
70
344
206
51
125
171
404
115
37
487
392
68
269
174
98
138
113
359
22
101
483
103
323
260
263
205
40
481
409
415
275
203
158
186
100
91
206
10
270
138
313
80
284
257
315
235
373
410
91
334
165
193
475
292
170
269
235
141
357
358
196
344
427
459
127
78
479
343
484
95
413
134
44
224
163
235
126
395
490
310
474
177
144
470
335
97
311
12
359
134
89
465
193
419
83
213
213
113
90
306
164
367
53
142
426
193
63
184
383
58
66
392
331
183
385
434
125
62
485
350
284
393
62
75
298
496
210
245
61
487
65
184
32
0
4
395
491
53
434
213
38
451
85
411
155
467
238
338
370
346
271
37
316
159
228
392
10
290
244
130
94
416
268
406
374
473
364
476
204
325
498
75
374
319
355
190
224
262
463
81
289
67
27
242
267
204
318
249
21
61
201
254
186
432
173
7
64
340
222
117
430
472
227
472
175
38
320
446
66
410
322
54
284
431
476
13
488
205
376
189
75
9
241
167
441
3
207
377
194
357
406
246
249
322
256
73
286
215
376
332
389
234
181
117
493
48
50
55
107
378
129
296
446
31
496
171
289
39
156
104
118
396
479
137
171
82
188
334
77
199
286
190
84
348
239
288
345
43
156
435
142
495
460
420
204
386
333
462
209
210
235
166
280
167
249
322
441
14
308
26
2
115
69
37
220
356
253
294
203
96
405
86
111
152
200
430
89
482
199
28
232
377
253
263
215
214
74
378
462
191
458
101
86
288
27
498
71
245
146
361
248
28
288
27
17
426
310
330
151
367
322
352
86
367
441
453
337
27
377
441
135
198
65
482
255
186
479
205
426
139
108
356
466
332
85
364
51
268
95
149
28
283
273
108
381
380
361
204
393
119
6
375
476
149
334
464
332
275
115
437
169
8
329
396
76
467
421
233
451
42
342
227
230
191
161
192
420
162
245
500
454
224
281
145
203
147
333
271
147
117
354
433
366
266
475
103
382
387
105
68
320
68
210
